0.000000 0.000000 0.000000 -0.000000 -0.000011 -0.000010 0.998575 0.000000 0.053372 0.000000 0.000000 0.000000 0.000000 0.000000 0.000000 
0.000000 0.000000 0.000000 -1.068102 0.000000 20.012417 0.000000 1.000000 0.000000 0.000000 0.000000 0.000000 0.000000 0.000000 0.000000 
0.000000 0.000000 0.000000 -0.000001 -20.012417 0.000000 -0.053372 0.000000 0.998575 0.000000 0.000000 0.000000 0.000000 0.000000 0.000000 
0.000000 0.000000 0.000000 -0.000000 0.000000 0.000000 0.000000 0.000000 0.000000 1.000000 0.000000 0.053448 0.000000 0.000000 0.000000 
0.000000 0.000000 0.000000 0.000000 0.000000 0.000000 0.000000 0.000000 0.000000 0.000000 1.000000 -0.000000 -0.000000 -0.000000 -0.000000 
0.000000 0.000000 0.000000 -0.000000 0.000000 0.000000 0.000000 0.000000 0.000000 0.000000 0.000000 1.001427 0.000000 0.000000 0.000000 
0.000000 0.000000 0.000000 0.000000 -9.796018 0.000000 -0.074885 -0.000000 0.676046 0.000000 5.923640 0.000000 0.000000 0.000000 0.000000 
0.000000 0.000000 0.000000 9.796018 0.000000 0.000000 0.000000 -0.297128 0.000000 1.230817 0.000000 -19.983894 0.000000 0.000000 0.000000 
0.000000 0.000000 0.000000 -0.000005 -0.523584 0.000000 -0.581036 -0.000000 -7.471830 0.000000 -110.829712 -0.000000 -0.000000 -0.000000 -0.000000 
0.000000 0.000000 0.000000 0.000000 0.000000 0.000000 0.000000 -0.197148 0.000000 -48.401993 0.000000 3.014005 0.000000 0.000000 0.000000 
0.000000 0.000000 0.000000 0.000000 0.000000 0.000000 0.134106 -0.000000 -2.509095 0.000000 -284.049015 0.000000 0.000000 0.000000 0.000000 
0.000000 0.000000 0.000000 0.000000 0.000000 0.000000 0.000000 0.021694 0.000000 -0.284438 0.000000 -1.032958 0.000000 0.000000 0.000000 
0.000000 0.000000 1.000000 0.000000 0.000000 0.000000 0.000000 0.000000 0.000000 0.000000 0.000000 0.000000 0.000000 0.000000 0.000000 
0.000000 0.000000 0.000000 0.000000 0.000000 0.000000 0.000000 0.000000 0.000000 0.000000 0.000000 0.000000 0.000000 0.000000 0.000000 
0.000000 0.000000 0.000000 0.000000 0.000000 0.000000 0.000000 0.000000 0.000000 0.000000 0.000000 0.000000 0.000000 0.000000 0.000000 
