0.000000 0.000000 0.000000 0.000000 0.000000 0.000000 0.998581 0.000000 0.053261 0.000000 0.000000 0.000000 0.000000 0.000000 0.000000 
0.000000 0.000000 0.000000 -1.066746 0.000000 20.028583 0.000000 1.000000 0.000000 0.000000 0.000000 0.000000 0.000000 0.000000 0.000000 
0.000000 0.000000 0.000000 0.000000 -20.028583 0.000000 -0.053261 0.000000 0.998581 0.000000 0.000000 0.000000 0.000000 0.000000 0.000000 
0.000000 0.000000 0.000000 0.000000 0.000000 0.000000 0.000000 0.000000 0.000000 1.000000 0.000000 0.053337 0.000000 0.000000 0.000000 
0.000000 0.000000 0.000000 0.000000 0.000000 0.000000 0.000000 0.000000 0.000000 0.000000 1.000000 -0.000000 -0.000000 -0.000000 -0.000000 
0.000000 0.000000 0.000000 0.000000 0.000000 0.000000 0.000000 0.000000 0.000000 0.000000 0.000000 1.001421 0.000000 0.000000 0.000000 
0.000000 0.000000 0.000000 0.000000 -9.796076 0.000000 -0.074954 0.000000 0.675412 0.000000 -1.010656 0.000000 0.000000 0.000000 0.000000 
0.000000 0.000000 0.000000 9.796076 0.000000 0.000000 0.000000 -0.297368 0.000000 1.075046 0.000000 -19.906233 0.000000 0.000000 0.000000 
0.000000 0.000000 0.000000 0.000000 -0.522492 0.000000 -0.580758 0.000000 -7.477789 0.000000 18.948538 -0.000000 -0.000000 -0.000000 -0.000000 
0.000000 0.000000 0.000000 0.000000 0.000000 0.000000 0.000000 -0.215999 0.000000 -2.702847 0.000000 0.168307 0.000000 0.000000 0.000000 
0.000000 0.000000 0.000000 0.000000 0.000000 0.000000 0.250157 0.000000 -4.690140 0.000000 -4.264920 0.000000 0.000000 0.000000 0.000000 
0.000000 0.000000 0.000000 0.000000 0.000000 0.000000 0.000000 0.035286 0.000000 -0.023581 0.000000 -0.085636 0.000000 0.000000 0.000000 
0.000000 0.000000 0.000000 0.000000 0.000000 0.000000 0.000000 0.000000 0.000000 0.000000 0.000000 0.000000 0.000000 0.000000 0.000000 
0.000000 0.000000 0.000000 0.000000 0.000000 0.000000 0.000000 0.000000 0.000000 0.000000 0.000000 0.000000 0.000000 0.000000 0.000000 
0.000000 0.000000 0.000000 0.000000 0.000000 0.000000 0.000000 0.000000 0.000000 0.000000 0.000000 0.000000 0.000000 0.000000 0.000000 
0.000000 0.000000 0.000000 
0.000000 0.000000 0.000000 
0.000000 0.000000 0.000000 
0.000000 0.000000 0.000000 
-0.000000 -0.000000 -0.000000 
0.000000 0.000000 0.000000 
0.330009 0.000000 1.362908 
0.000000 0.000000 0.000000 
-6.187250 -0.000000 -0.000000 
0.000000 -29.365005 0.000000 
-86.336356 0.000000 0.000000 
0.000000 -1.315991 0.000000 
0.000000 0.000000 0.000000 
0.000000 0.000000 0.000000 
0.000000 0.000000 0.000000 
