0.000000 0.000000 0.000000 0.000000 -0.000000 0.000000 0.990652 0.000000 0.136410 0.000000 0.000000 0.000000 0.000000 0.000000 0.000000 
0.000000 0.000000 0.000000 -2.669367 0.000000 19.568617 0.000000 1.000000 0.000000 0.000000 0.000000 0.000000 0.000000 0.000000 0.000000 
0.000000 0.000000 0.000000 0.000000 -19.568617 0.000000 -0.136411 0.000000 0.990652 0.000000 0.000000 0.000000 0.000000 0.000000 0.000000 
0.000000 0.000000 0.000000 0.000000 0.000000 0.000000 0.000000 0.000000 0.000000 1.000000 0.000000 0.137698 0.000000 0.000000 0.000000 
0.000000 0.000000 0.000000 0.000000 0.000000 0.000000 0.000000 0.000000 0.000000 0.000000 1.000000 0.000000 0.000000 0.000000 0.000000 
0.000000 0.000000 0.000000 0.000000 0.000000 0.000000 0.000000 0.000000 0.000000 0.000000 0.000000 1.009436 0.000000 0.000000 0.000000 
0.000000 0.000000 0.000000 0.000000 -9.718300 0.000000 -0.079966 0.000000 0.328772 -0.000000 -2.529011 -0.000000 -0.000000 -0.000000 -0.000000 
0.000000 0.000000 0.000000 9.718300 0.000000 0.000000 0.000000 -0.151058 0.000000 2.677477 0.000000 -19.293932 0.000000 0.000000 0.000000 
0.000000 0.000000 0.000000 0.000000 -1.338188 0.000000 -0.516025 0.000001 -3.533824 0.000001 18.366388 0.000001 0.000000 0.000000 0.000000 
0.000000 0.000000 0.000000 0.000000 0.000000 0.000000 -0.000000 -0.499036 0.000001 -2.917033 0.000000 2.109574 0.000000 0.000000 0.000000 
0.000000 0.000000 0.000000 0.000000 0.000000 0.000000 0.633182 -0.000000 -4.598352 0.000000 -8.125719 -0.000000 0.000000 0.000000 0.000000 
0.000000 0.000000 0.000000 0.000000 0.000000 0.000000 0.000000 0.052762 0.000000 -0.621673 0.000000 -0.475574 0.000000 0.000000 0.000000 
0.000000 0.000000 1.000001 0.000000 0.000000 0.000000 0.000000 0.000000 0.000000 0.000000 0.000000 0.000000 0.000000 0.000000 0.000000 
0.000000 0.000000 0.000000 0.000000 0.000000 0.000000 0.000000 0.000000 0.000000 0.000000 0.000000 0.000000 0.000000 0.000000 0.000000 
0.000000 0.000000 0.000000 0.000000 0.000000 0.000000 0.000000 0.000000 0.000000 0.000000 0.000000 0.000000 0.000000 0.000000 0.000000 
0.000000 0.000000 0.000000 
0.000000 0.000000 0.000000 
0.000000 0.000000 0.000000 
0.000000 0.000000 0.000000 
0.000000 0.000000 0.000000 
0.000000 0.000000 0.000000 
0.806831 -0.000000 1.362908 
0.000000 0.000000 0.000000 
-5.859434 0.000000 0.000000 
0.000000 -28.031730 0.000000 
-82.416378 0.000000 0.000000 
0.000000 -1.256241 0.000000 
0.000000 0.000000 0.000000 
0.000000 0.000000 0.000000 
0.000000 0.000000 0.000000 
