0.000000 0.000000 0.000000 0.000000 0.000000 0.000000 0.996910 0.000000 0.078549 0.000000 0.000000 0.000000 0.000000 0.000000 0.000000 
0.000000 0.000000 0.000000 -1.352876 0.000000 17.223302 -0.000000 1.000000 -0.000000 -0.000000 -0.000000 -0.000000 -0.000000 -0.000000 -0.000000 
0.000000 0.000000 0.000000 0.000000 -17.223302 0.000000 -0.078549 0.000000 0.996910 0.000000 0.000000 0.000000 0.000000 0.000000 0.000000 
0.000000 0.000000 0.000000 0.000000 -0.000000 0.000000 0.000000 0.000000 0.000000 1.000000 0.000000 0.078793 0.000000 0.000000 0.000000 
0.000000 0.000000 0.000000 0.000000 0.000000 0.000000 0.000000 0.000000 0.000000 0.000000 1.000000 -0.000000 -0.000000 -0.000000 -0.000000 
0.000000 0.000000 0.000000 0.000000 -0.000000 0.000000 0.000000 0.000000 0.000000 0.000000 0.000000 1.003099 -0.000000 -0.000000 -0.000000 
0.000000 0.000000 0.000000 0.000000 -9.779689 0.000000 -0.063581 -0.000000 0.805731 0.000000 -1.281741 -0.000000 0.000000 0.000000 0.000000 
0.000000 0.000000 0.000000 9.779689 -0.000000 -0.000000 0.000000 0.849160 0.000000 1.360014 -0.000000 -16.927787 0.000000 0.000000 0.000000 
0.000000 0.000000 0.000000 0.000000 -0.770567 0.000000 -0.631102 -0.000000 -6.447964 -0.000000 16.267276 -0.000000 -0.000000 -0.000000 -0.000000 
0.000000 0.000000 0.000000 0.000000 0.000000 0.000000 0.000000 -0.185745 0.000000 -3.759393 0.000000 2.517000 0.000000 0.000000 0.000000 
0.000000 0.000000 0.000000 0.000000 0.000000 0.000000 0.419411 0.000000 -5.322967 0.000000 -5.409702 0.000000 0.000000 0.000000 0.000000 
0.000000 0.000000 0.000000 0.000000 0.000000 0.000000 0.000000 0.000000 0.000000 -1.669882 -0.000000 -0.201699 0.000000 0.000000 0.000000 
0.000000 0.000000 0.000000 0.000000 0.000000 0.000000 0.000000 0.000000 0.000000 0.000000 0.000000 0.000000 0.000000 0.000000 0.000000 
0.000000 0.000000 0.000000 0.000000 0.000000 0.000000 0.000000 0.000000 0.000000 0.000000 0.000000 0.000000 0.000000 0.000000 0.000000 
0.000000 0.000000 0.000000 0.000000 0.000000 0.000000 0.000000 0.000000 0.000000 0.000000 0.000000 0.000000 0.000000 0.000000 0.000000 
