0.000000 0.000000 0.000000 0.000000 0.000000 0.000000 0.998575 0.000000 0.053372 0.000000 0.000000 0.000000 0.000000 0.000000 0.000000 
0.000000 0.000000 0.000000 -1.068101 0.000000 20.012419 0.000000 1.000000 0.000000 0.000000 0.000000 0.000000 0.000000 0.000000 0.000000 
0.000000 0.000000 0.000000 0.000000 -20.012419 0.000000 -0.053372 0.000000 0.998575 0.000000 0.000000 0.000000 0.000000 0.000000 0.000000 
0.000000 0.000000 0.000000 0.000000 0.000000 0.000000 0.000000 0.000000 0.000000 1.000000 0.000000 0.053448 0.000000 0.000000 0.000000 
0.000000 0.000000 0.000000 0.000000 0.000000 0.000000 0.000000 0.000000 0.000000 0.000000 1.000000 -0.000000 -0.000000 -0.000000 -0.000000 
0.000000 0.000000 0.000000 0.000000 0.000000 0.000000 0.000000 0.000000 0.000000 0.000000 0.000000 1.001427 0.000000 0.000000 0.000000 
0.000000 0.000000 0.000000 0.000000 -9.796018 0.000000 -0.074885 0.000000 0.676046 0.000000 -1.011940 0.000000 0.000000 0.000000 0.000000 
0.000000 0.000000 0.000000 9.796018 0.000000 0.000000 0.000000 -0.297128 0.000000 1.076395 0.000000 -19.890049 0.000000 0.000000 0.000000 
0.000000 0.000000 0.000000 0.000000 -0.523579 0.000000 -0.581036 0.000000 -7.471831 0.000000 18.933133 -0.000000 -0.000000 -0.000000 -0.000000 
0.000000 0.000000 0.000000 0.000000 0.000000 0.000000 0.000000 -0.215824 0.000000 -2.700666 0.000000 0.168171 0.000000 0.000000 0.000000 
0.000000 0.000000 0.000000 0.000000 0.000000 0.000000 0.250475 0.000000 -4.686327 0.000000 -4.261478 0.000000 0.000000 0.000000 0.000000 
0.000000 0.000000 0.000000 0.000000 0.000000 0.000000 0.000000 0.035258 0.000000 -0.023562 0.000000 -0.085567 0.000000 0.000000 0.000000 
0.000000 0.000000 0.000000 0.000000 0.000000 0.000000 0.000000 0.000000 0.000000 0.000000 0.000000 0.000000 0.000000 0.000000 0.000000 
0.000000 0.000000 0.000000 0.000000 0.000000 0.000000 0.000000 0.000000 0.000000 0.000000 0.000000 0.000000 0.000000 0.000000 0.000000 
0.000000 0.000000 0.000000 0.000000 0.000000 0.000000 0.000000 0.000000 0.000000 0.000000 0.000000 0.000000 0.000000 0.000000 0.000000 
