0 0 0 1.29 0 0.00000000 0.00000000 0.00 0.00 0.00 0.27 0.20 10.32 0.00 0.00 0.00 0.01 -0.01 0.04 21.80 1004.09 
0 0 0 1.46 0 0.00000000 0.00000000 0.00 0.00 0.00 0.35 0.24 10.24 -5.91 44.91 -49.69 0.01 -0.01 0.04 21.90 1004.14 
0 0 0 1.56 0 0.00000000 0.00000000 0.00 0.00 0.00 0.27 0.24 10.24 -6.45 45.18 -49.69 0.01 -0.01 0.04 21.90 1004.14 
0 0 0 1.66 0 0.00000000 0.00000000 0.00 0.00 0.00 0.35 0.27 10.28 -6.18 45.09 -49.90 0.01 -0.00 0.04 21.90 1004.16 
0 0 0 1.76 0 0.00000000 0.00000000 0.00 0.00 0.00 0.31 0.16 10.28 -5.82 45.00 -49.80 0.00 -0.01 0.04 21.90 1004.16 
0 0 0 1.87 0 0.00000000 0.00000000 0.00 0.00 0.00 0.35 0.16 10.24 -6.18 45.18 -50.00 0.01 -0.00 0.04 21.90 1004.16 
0 0 0 1.97 0 0.00000000 0.00000000 0.00 0.00 0.00 0.31 0.20 10.24 -6.18 45.00 -50.00 0.01 -0.00 0.04 21.90 1004.09 
0 0 0 2.07 0 0.00000000 0.00000000 0.00 0.00 0.00 0.35 0.27 10.24 -6.09 45.00 -49.90 0.01 -0.00 0.04 21.90 1004.12 
0 0 0 2.17 0 0.00000000 0.00000000 0.00 0.00 0.00 0.35 0.27 10.20 -6.27 45.09 -50.00 0.01 -0.00 0.04 21.90 1004.12 
0 0 0 2.27 0 0.00000000 0.00000000 0.00 0.00 0.00 0.27 0.20 10.28 -6.09 45.18 -49.69 0.01 -0.00 0.04 21.90 1004.16 
0 0 0 2.37 0 0.00000000 0.00000000 0.00 0.00 0.00 0.31 0.20 10.20 -6.18 45.27 -50.00 0.01 -0.00 0.04 21.90 1004.08 
0 0 0 2.47 0 0.00000000 0.00000000 0.00 0.00 0.00 0.31 0.24 10.36 -6.09 45.00 -49.80 0.01 -0.00 0.04 21.90 1004.16 
0 0 0 2.57 0 0.00000000 0.00000000 0.00 0.00 0.00 0.31 0.20 10.20 -6.09 44.73 -49.69 0.01 -0.00 0.04 21.90 1004.16 
0 0 0 2.67 0 0.00000000 0.00000000 0.00 0.00 0.00 0.39 0.12 10.24 -5.91 45.18 -49.80 0.00 -0.00 0.04 21.90 1004.12 
0 0 0 2.77 0 0.00000000 0.00000000 0.00 0.00 0.00 0.35 0.12 10.20 -6.09 45.09 -49.90 0.01 -0.00 0.04 21.90 1004.13 
0 0 0 2.87 0 0.00000000 0.00000000 0.00 0.00 0.00 0.31 0.16 10.32 -6.18 45.09 -49.90 0.01 -0.00 0.04 21.90 1004.16 
0 0 0 2.97 0 0.00000000 0.00000000 0.00 0.00 0.00 0.39 0.16 9.96 -6.09 45.09 -49.80 0.00 -0.00 0.04 21.90 1004.15 
0 0 0 3.07 0 0.00000000 0.00000000 0.00 0.00 0.00 0.31 0.16 10.36 -6.45 45.09 -49.80 0.01 -0.01 0.04 21.90 1004.12 
0 0 0 3.17 0 0.00000000 0.00000000 0.00 0.00 0.00 0.31 0.20 10.28 -6.09 45.00 -50.00 0.01 -0.00 0.04 21.90 1004.13 
0 0 0 3.28 0 0.00000000 0.00000000 0.00 0.00 0.00 0.31 0.12 10.24 -6.18 45.09 -49.90 0.01 -0.00 0.04 21.90 1004.12 
0 0 0 3.38 0 0.00000000 0.00000000 0.00 0.00 0.00 0.31 0.27 10.24 -6.18 45.00 -49.90 0.01 -0.00 0.04 21.90 1004.11 
0 0 0 3.48 0 0.00000000 0.00000000 0.00 0.00 0.00 0.24 0.20 10.40 -6.00 45.09 -49.90 0.01 -0.01 0.04 21.90 1004.13 
0 0 0 3.58 0 0.00000000 0.00000000 0.00 0.00 0.00 0.31 0.24 10.36 -6.00 45.00 -49.90 0.01 -0.01 0.04 21.90 1004.15 
0 0 0 3.68 0 0.00000000 0.00000000 0.00 0.00 0.00 0.31 0.20 10.28 -6.09 45.36 -49.80 0.01 -0.00 0.04 21.90 1004.14 
0 0 0 3.78 0 0.00000000 0.00000000 0.00 0.00 0.00 0.35 0.12 10.36 -6.00 45.09 -50.10 0.01 -0.01 0.04 21.90 1004.12 
0 0 0 3.88 0 0.00000000 0.00000000 0.00 0.00 0.00 0.31 0.20 10.24 -6.09 44.91 -49.90 0.01 -0.00 0.04 21.90 1004.16 
23 59 45 3.98 0 0.00000000 0.00000000 0.00 0.00 0.00 0.31 0.16 10.12 -6.27 45.18 -50.00 0.00 -0.00 0.04 21.90 1004.16 
23 59 45 4.08 0 0.00000000 0.00000000 0.00 0.00 0.00 0.35 0.24 10.24 -6.09 45.09 -49.90 0.01 -0.01 0.04 21.90 1004.15 
23 59 45 4.18 0 0.00000000 0.00000000 0.00 0.00 0.00 0.35 0.24 10.28 -6.27 45.00 -49.80 0.01 -0.00 0.04 21.90 1004.09 
23 59 45 4.28 0 0.00000000 0.00000000 0.00 0.00 0.00 0.35 0.20 10.32 -6.27 45.09 -49.59 0.00 -0.01 0.04 21.90 1004.12 
23 59 45 4.38 0 0.00000000 0.00000000 0.00 0.00 0.00 0.39 0.12 10.20 -6.18 45.18 -49.69 0.01 -0.00 0.04 21.90 1004.13 
23 59 45 4.48 0 0.00000000 0.00000000 0.00 0.00 0.00 0.31 0.20 10.24 -6.09 44.73 -50.00 0.01 -0.01 0.04 21.90 1004.09 
23 59 45 4.59 0 0.00000000 0.00000000 0.00 0.00 0.00 0.31 0.24 10.24 -6.18 45.00 -49.90 0.01 -0.00 0.04 21.90 1004.17 
23 59 45 4.69 0 0.00000000 0.00000000 0.00 0.00 0.00 0.31 0.16 10.28 -6.27 45.18 -49.80 0.01 -0.00 0.04 21.90 1004.13 
23 59 45 4.79 0 0.00000000 0.00000000 0.00 0.00 0.00 0.35 0.24 10.36 -6.27 44.91 -50.10 0.01 -0.00 0.04 21.90 1004.10 
23 59 45 4.89 0 0.00000000 0.00000000 0.00 0.00 0.00 0.39 0.20 10.32 -6.27 44.91 -49.90 0.01 -0.00 0.04 21.90 1004.08 
23 59 46 4.99 0 0.00000000 0.00000000 0.00 0.00 0.00 0.31 0.20 10.32 -6.18 44.82 -49.80 0.01 -0.00 0.03 21.90 1004.17 
23 59 46 5.09 0 0.00000000 0.00000000 0.00 0.00 0.00 0.31 0.20 10.16 -6.36 45.18 -49.90 0.01 -0.01 0.04 21.90 1004.12 
23 59 46 5.19 0 0.00000000 0.00000000 0.00 0.00 0.00 0.35 0.24 10.28 -6.36 45.00 -49.69 0.01 -0.00 0.03 21.90 1004.14 
23 59 46 5.29 0 0.00000000 0.00000000 0.00 0.00 0.00 0.35 0.24 10.16 -6.09 45.09 -49.90 0.00 -0.00 0.04 21.90 1004.15 
23 59 46 5.39 0 0.00000000 0.00000000 0.00 0.00 0.00 0.35 0.20 10.24 -6.09 45.09 -49.90 0.01 -0.00 0.04 21.90 1004.15 
23 59 46 5.49 0 0.00000000 0.00000000 0.00 0.00 0.00 0.31 0.35 10.24 -6.18 45.00 -50.00 0.01 -0.01 0.04 21.90 1004.19 
23 59 46 5.59 0 0.00000000 0.00000000 0.00 0.00 0.00 0.39 0.20 10.32 -6.09 45.18 -49.80 0.01 -0.00 0.04 21.90 1004.10 
23 59 46 5.70 0 0.00000000 0.00000000 0.00 0.00 0.00 0.35 0.31 10.24 -6.18 45.27 -50.00 0.01 -0.01 0.04 21.90 1004.10 
23 59 46 5.80 0 0.00000000 0.00000000 0.00 0.00 0.00 0.35 0.16 10.24 -6.00 45.09 -49.90 0.01 -0.00 0.04 21.90 1004.14 
23 59 47 5.90 0 0.00000000 0.00000000 0.00 0.00 0.00 0.31 0.24 10.20 -6.18 45.18 -49.90 0.01 -0.00 0.04 21.90 1004.08 
23 59 47 6.00 0 0.00000000 0.00000000 0.00 0.00 0.00 0.39 0.27 10.32 -6.09 45.18 -49.80 0.01 -0.00 0.04 21.90 1004.19 
23 59 47 6.10 0 0.00000000 0.00000000 0.00 0.00 0.00 0.35 0.24 10.28 -6.27 45.09 -50.00 0.01 -0.01 0.04 21.90 1004.06 
23 59 47 6.20 0 0.00000000 0.00000000 0.00 0.00 0.00 0.24 0.24 10.28 -6.00 45.00 -50.00 0.01 -0.00 0.03 21.90 1004.14 
23 59 47 6.30 0 0.00000000 0.00000000 0.00 0.00 0.00 0.24 0.27 10.08 -6.09 45.36 -49.90 0.01 -0.00 0.04 21.90 1004.13 
23 59 47 6.40 0 0.00000000 0.00000000 0.00 0.00 0.00 0.27 0.24 10.32 -6.09 45.00 -50.10 0.01 -0.00 0.04 21.90 1004.11 
23 59 47 6.50 0 0.00000000 0.00000000 0.00 0.00 0.00 0.27 0.20 10.28 -6.18 44.91 -49.90 0.00 -0.00 0.04 21.90 1004.16 
23 59 47 6.60 0 0.00000000 0.00000000 0.00 0.00 0.00 0.31 0.27 10.28 -6.09 44.91 -49.80 0.01 -0.00 0.04 21.90 1004.12 
23 59 47 6.70 0 0.00000000 0.00000000 0.00 0.00 0.00 0.27 0.24 10.24 -6.36 44.91 -49.80 0.01 -0.01 0.04 21.90 1004.13 
23 59 47 6.80 0 0.00000000 0.00000000 0.00 0.00 0.00 0.35 0.16 10.28 -6.00 44.91 -50.00 0.01 -0.01 0.03 21.90 1004.14 
23 59 48 6.91 0 0.00000000 0.00000000 0.00 0.00 0.00 0.31 0.20 10.28 -6.18 44.73 -49.80 0.01 -0.01 0.04 21.90 1004.13 
23 59 48 7.01 0 0.00000000 0.00000000 0.00 0.00 0.00 0.31 0.16 10.20 -6.27 45.27 -49.90 0.01 -0.00 0.04 21.90 1004.15 
23 59 48 7.11 0 0.00000000 0.00000000 0.00 0.00 0.00 0.35 0.20 10.28 -5.91 45.18 -50.10 0.01 -0.00 0.04 21.90 1004.12 
23 59 48 7.21 0 0.00000000 0.00000000 0.00 0.00 0.00 0.31 0.16 10.32 -6.18 44.91 -49.90 0.01 -0.00 0.04 21.90 1004.12 
23 59 48 7.31 0 0.00000000 0.00000000 0.00 0.00 0.00 0.27 0.20 10.24 -6.09 45.18 -49.90 0.01 -0.00 0.04 21.90 1004.13 
23 59 48 7.41 0 0.00000000 0.00000000 0.00 0.00 0.00 0.31 0.16 10.20 -6.18 45.00 -49.90 0.01 -0.00 0.04 22.00 1004.16 
23 59 48 7.51 0 0.00000000 0.00000000 0.00 0.00 0.00 0.31 0.20 10.24 -6.00 45.09 -49.90 0.01 -0.01 0.03 21.90 1004.15 
23 59 48 7.61 0 0.00000000 0.00000000 0.00 0.00 0.00 0.31 0.27 10.28 -6.09 45.18 -49.69 0.01 -0.00 0.04 21.90 1004.12 
23 59 48 7.72 0 0.00000000 0.00000000 0.00 0.00 0.00 0.27 0.16 10.28 -6.36 45.18 -49.90 0.00 -0.00 0.04 21.90 1004.13 
23 59 48 7.82 0 0.00000000 0.00000000 0.00 0.00 0.00 0.35 0.24 10.32 -6.00 45.18 -50.00 0.01 -0.00 0.04 22.00 1004.18 
23 59 49 7.92 0 0.00000000 0.00000000 0.00 0.00 0.00 0.31 0.20 10.28 -6.27 45.09 -50.00 0.01 -0.00 0.03 22.00 1004.17 
23 59 49 8.02 0 0.00000000 0.00000000 0.00 0.00 0.00 0.31 0.16 10.32 -6.09 45.18 -50.00 0.01 -0.01 0.04 21.90 1004.15 
23 59 49 8.12 0 0.00000000 0.00000000 0.00 0.00 0.00 0.35 0.16 10.24 -6.18 45.09 -49.90 0.01 -0.00 0.04 21.90 1004.20 
23 59 49 8.22 0 0.00000000 0.00000000 0.00 0.00 0.00 0.31 0.16 10.24 -6.09 45.18 -50.00 0.01 -0.00 0.04 22.00 1004.15 
23 59 49 8.32 0 0.00000000 0.00000000 0.00 0.00 0.00 0.31 0.24 10.28 -6.18 44.91 -49.80 0.01 -0.00 0.04 22.00 1004.10 
23 59 49 8.42 0 0.00000000 0.00000000 0.00 0.00 0.00 0.31 0.24 10.24 -6.09 45.36 -49.80 0.01 -0.00 0.03 22.00 1004.16 
23 59 49 8.52 0 0.00000000 0.00000000 0.00 0.00 0.00 0.31 0.20 10.28 -6.36 45.09 -50.10 0.01 -0.00 0.03 22.00 1004.12 
23 59 49 8.62 0 0.00000000 0.00000000 0.00 0.00 0.00 0.35 0.20 10.24 -6.18 45.00 -49.80 0.01 -0.00 0.03 22.00 1004.12 
23 59 49 8.73 0 0.00000000 0.00000000 0.00 0.00 0.00 0.27 0.20 10.28 -6.09 45.18 -50.10 0.01 -0.01 0.03 22.00 1004.11 
23 59 49 8.83 0 0.00000000 0.00000000 0.00 0.00 0.00 0.31 0.24 10.24 -6.09 45.09 -49.80 0.01 -0.00 0.04 22.00 1004.09 
23 59 50 8.93 0 0.00000000 0.00000000 0.00 0.00 0.00 0.35 0.24 10.24 -6.18 44.73 -50.00 0.01 -0.00 0.04 22.00 1004.11 
23 59 50 9.03 0 0.00000000 0.00000000 0.00 0.00 0.00 0.31 0.20 10.24 -6.18 45.18 -50.00 0.01 -0.00 0.04 22.00 1004.10 
23 59 50 9.13 0 0.00000000 0.00000000 0.00 0.00 0.00 0.27 0.20 10.20 -6.18 45.00 -49.90 0.00 -0.00 0.04 22.00 1004.14 
23 59 50 9.23 0 0.00000000 0.00000000 0.00 0.00 0.00 0.35 0.24 10.28 -6.27 45.09 -49.69 0.01 -0.00 0.04 22.00 1004.12 
23 59 50 9.33 0 0.00000000 0.00000000 0.00 0.00 0.00 0.31 0.20 10.24 -6.09 45.18 -49.69 0.01 -0.00 0.03 22.00 1004.09 
23 59 50 9.43 0 0.00000000 0.00000000 0.00 0.00 0.00 0.31 0.20 10.24 -6.18 45.00 -49.69 0.01 -0.01 0.04 22.00 1004.15 
23 59 50 9.53 0 0.00000000 0.00000000 0.00 0.00 0.00 0.35 0.12 10.28 -6.45 45.27 -49.69 0.01 -0.00 0.03 22.00 1004.15 
23 59 50 9.63 0 0.00000000 0.00000000 0.00 0.00 0.00 0.35 0.24 10.24 -6.18 45.09 -50.20 0.00 -0.01 0.04 22.00 1004.13 
23 59 50 9.73 0 0.00000000 0.00000000 0.00 0.00 0.00 0.35 0.20 10.24 -5.91 45.27 -49.90 0.01 -0.01 0.04 22.00 1004.09 
23 59 50 9.84 0 0.00000000 0.00000000 0.00 0.00 0.00 0.35 0.27 10.24 -6.00 45.18 -50.00 0.01 -0.00 0.04 22.00 1004.08 
23 59 51 9.94 0 0.00000000 0.00000000 0.00 0.00 0.00 0.27 0.20 10.20 -6.27 44.82 -49.80 0.01 -0.00 0.04 22.00 1004.09 
23 59 51 10.04 0 0.00000000 0.00000000 0.00 0.00 0.00 0.31 0.16 10.28 -6.09 45.09 -50.00 0.00 -0.01 0.03 22.00 1004.10 
23 59 51 10.14 0 0.00000000 0.00000000 0.00 0.00 0.00 0.35 0.20 10.24 -6.36 45.00 -49.90 0.01 -0.01 0.04 22.00 1004.10 
23 59 51 10.24 0 0.00000000 0.00000000 0.00 0.00 0.00 0.31 0.20 10.28 -6.36 45.09 -49.69 0.01 -0.00 0.03 22.00 1004.09 
23 59 51 10.34 0 0.00000000 0.00000000 0.00 0.00 0.00 0.27 0.16 10.24 -6.18 45.09 -49.90 0.00 -0.00 0.03 22.00 1004.12 
23 59 51 10.44 0 0.00000000 0.00000000 0.00 0.00 0.00 0.27 0.24 10.24 -6.36 45.00 -49.80 0.01 -0.01 0.04 22.00 1004.11 
23 59 51 10.54 0 0.00000000 0.00000000 0.00 0.00 0.00 0.27 0.20 10.24 -6.09 44.91 -50.00 0.00 -0.01 0.04 22.00 1004.13 
23 59 51 10.64 0 0.00000000 0.00000000 0.00 0.00 0.00 0.35 0.12 10.20 -6.18 45.09 -49.90 0.01 -0.00 0.03 22.00 1004.10 
23 59 51 10.75 0 0.00000000 0.00000000 0.00 0.00 0.00 0.39 0.20 10.24 -6.09 45.27 -49.90 0.01 -0.01 0.03 22.00 1004.14 
23 59 51 10.85 0 0.00000000 0.00000000 0.00 0.00 0.00 0.27 0.16 10.28 -6.27 45.45 -50.00 0.00 -0.01 0.04 22.00 1004.09 
23 59 52 10.95 0 0.00000000 0.00000000 0.00 0.00 0.00 0.31 0.27 10.16 -6.00 45.00 -49.90 0.01 -0.01 0.03 22.00 1004.12 
23 59 52 11.05 0 0.00000000 0.00000000 0.00 0.00 0.00 0.39 0.24 10.16 -6.18 45.09 -49.80 0.01 -0.01 0.04 22.00 1004.14 
23 59 52 11.15 0 0.00000000 0.00000000 0.00 0.00 0.00 0.31 0.20 10.16 -6.09 45.00 -49.90 0.01 -0.00 0.03 22.00 1004.13 
23 59 52 11.25 0 0.00000000 0.00000000 0.00 0.00 0.00 0.39 0.20 10.36 -6.00 44.82 -49.90 0.00 -0.00 0.03 22.00 1004.12 
23 59 52 11.35 0 0.00000000 0.00000000 0.00 0.00 0.00 0.31 0.20 10.20 -6.18 45.09 -49.80 0.01 -0.01 0.03 22.00 1004.08 
23 59 52 11.45 0 0.00000000 0.00000000 0.00 0.00 0.00 0.31 0.24 10.32 -6.36 45.09 -50.10 0.01 -0.01 0.04 22.00 1004.12 
23 59 52 11.55 0 0.00000000 0.00000000 0.00 0.00 0.00 0.39 0.24 10.28 -6.27 45.09 -49.69 0.01 -0.00 0.03 22.00 1004.13 
23 59 52 11.65 0 0.00000000 0.00000000 0.00 0.00 0.00 0.31 0.24 10.20 -6.27 45.00 -49.90 0.01 -0.00 0.03 22.00 1004.16 
23 59 52 11.76 0 0.00000000 0.00000000 0.00 0.00 0.00 0.31 0.16 10.16 -6.00 45.09 -49.90 0.01 -0.00 0.04 22.00 1004.12 
23 59 52 11.86 0 0.00000000 0.00000000 0.00 0.00 0.00 0.31 0.20 10.24 -6.18 45.09 -50.10 0.01 -0.00 0.03 22.00 1004.19 
23 59 53 11.96 0 0.00000000 0.00000000 0.00 0.00 0.00 0.27 0.20 10.20 -6.18 45.00 -49.80 0.01 -0.00 0.03 22.00 1004.09 
23 59 53 12.06 0 0.00000000 0.00000000 0.00 0.00 0.00 0.35 0.24 10.24 -6.09 45.00 -50.10 0.01 -0.01 0.03 22.00 1004.18 
23 59 53 12.16 0 0.00000000 0.00000000 0.00 0.00 0.00 0.35 0.16 10.28 -6.18 45.27 -49.90 0.01 -0.01 0.03 22.00 1004.18 
23 59 53 12.26 0 0.00000000 0.00000000 0.00 0.00 0.00 0.35 0.20 10.20 -6.36 45.00 -49.90 0.01 -0.00 0.04 22.00 1004.12 
23 59 53 12.36 0 0.00000000 0.00000000 0.00 0.00 0.00 0.39 0.20 10.40 -6.27 45.09 -49.80 0.00 -0.01 0.03 22.00 1004.12 
23 59 53 12.46 0 0.00000000 0.00000000 0.00 0.00 0.00 0.31 0.12 10.28 -5.91 45.00 -49.80 0.00 -0.00 0.04 22.00 1004.14 
23 59 53 12.56 0 0.00000000 0.00000000 0.00 0.00 0.00 0.39 0.16 10.24 -6.27 45.09 -50.00 0.00 -0.00 0.03 22.00 1004.15 
23 59 53 12.67 0 0.00000000 0.00000000 0.00 0.00 0.00 0.31 0.20 10.20 -6.18 45.09 -49.80 -0.00 -0.00 0.03 22.00 1004.16 
23 59 53 12.77 0 0.00000000 0.00000000 0.00 0.00 0.00 0.27 0.31 10.20 -6.27 45.36 -49.90 0.03 -0.02 0.04 22.00 1004.12 
23 59 53 12.87 0 0.00000000 0.00000000 0.00 0.00 0.00 0.16 0.35 10.59 -6.36 45.36 -49.90 -0.02 -0.02 0.06 22.00 1004.15 
23 59 54 12.97 0 0.00000000 0.00000000 0.00 0.00 0.00 0.43 0.43 10.67 -6.18 45.45 -49.39 -0.05 0.02 0.11 22.00 1004.17 
23 59 54 13.07 0 0.00000000 0.00000000 0.00 0.00 0.00 1.29 0.67 8.83 -4.27 44.91 -50.20 0.29 0.42 0.18 22.00 1004.17 
23 59 54 13.17 0 0.00000000 0.00000000 0.00 0.00 0.00 -0.71 -0.90 9.26 -2.45 44.82 -50.31 0.15 0.21 -0.13 22.00 1004.17 
23 59 54 13.27 0 0.00000000 0.00000000 0.00 0.00 0.00 -1.45 0.31 10.79 -2.00 44.55 -50.51 0.02 -0.14 -0.32 22.00 1004.16 
23 59 54 13.37 0 0.00000000 0.00000000 0.00 0.00 0.00 -0.51 0.35 10.75 -3.55 46.64 -49.18 -0.04 -0.64 0.08 22.00 1004.20 
23 59 54 13.47 0 0.00000000 0.00000000 0.00 0.00 0.00 0.67 1.14 9.38 -6.09 47.00 -50.31 -0.23 0.08 -0.23 22.00 1004.16 
23 59 54 13.57 0 0.00000000 0.00000000 0.00 0.00 0.00 0.27 0.75 8.04 -5.73 47.73 -50.10 0.15 0.25 0.28 22.00 1004.19 
23 59 54 13.68 0 0.00000000 0.00000000 0.00 0.00 0.00 -1.06 -0.27 9.85 -2.91 47.27 -51.02 -0.07 0.13 -0.32 22.00 1004.17 
23 59 54 13.78 0 0.00000000 0.00000000 0.00 0.00 0.00 -0.04 -1.22 10.47 -3.09 48.36 -50.51 0.08 -0.15 -0.17 22.00 1004.20 
23 59 54 13.88 0 0.00000000 0.00000000 0.00 0.00 0.00 0.51 -0.75 9.41 -6.00 48.18 -50.61 0.30 -0.53 0.22 22.00 1004.16 
23 59 55 13.98 0 0.00000000 0.00000000 0.00 0.00 0.00 0.55 -0.63 9.02 -7.00 47.91 -50.92 -0.03 0.03 0.08 22.00 1004.15 
23 59 55 14.08 0 0.00000000 0.00000000 0.00 0.00 0.00 0.51 -0.27 10.51 -5.64 48.27 -51.43 0.14 0.14 0.02 22.00 1004.14 
23 59 55 14.18 0 0.00000000 0.00000000 0.00 0.00 0.00 0.24 0.16 9.81 -5.09 45.09 -53.57 2.41 0.17 0.05 22.00 1004.12 
23 59 55 14.28 0 0.00000000 0.00000000 0.00 0.00 0.00 0.12 4.16 9.69 -3.27 24.55 -62.96 2.43 0.17 -0.11 22.00 1004.13 
23 59 55 14.38 0 0.00000000 0.00000000 0.00 0.00 0.00 -0.08 5.22 7.65 -2.27 12.36 -65.41 2.59 0.22 -0.09 22.00 1004.17 
23 59 55 14.48 0 0.00000000 0.00000000 0.00 0.00 0.00 -0.63 8.04 6.75 0.09 -10.18 -64.08 2.19 0.12 -0.12 22.00 1004.16 
23 59 55 14.59 0 0.00000000 0.00000000 0.00 0.00 0.00 -0.59 8.67 4.43 0.64 -20.09 -60.71 2.44 0.05 0.02 22.00 1004.16 
23 59 55 14.69 0 0.00000000 0.00000000 0.00 0.00 0.00 -0.43 9.85 2.39 0.91 -40.36 -48.57 2.21 -0.17 0.09 22.00 1004.14 
23 59 55 14.79 0 0.00000000 0.00000000 0.00 0.00 0.00 -0.47 10.00 0.35 0.09 -47.18 -41.84 1.66 -0.07 0.20 22.00 1004.17 
23 59 55 14.92 0 0.00000000 0.00000000 0.00 0.00 0.00 -0.27 9.73 -0.94 -0.73 -54.18 -32.14 0.20 0.17 0.13 22.00 1004.20 
23 59 56 15.02 0 0.00000000 0.00000000 0.00 0.00 0.00 -0.08 9.45 -1.37 -0.64 -54.27 -31.53 -0.02 -0.05 0.05 22.00 1004.17 
23 59 56 15.12 0 0.00000000 0.00000000 0.00 0.00 0.00 0.12 10.24 -0.94 -0.82 -54.27 -32.04 -0.49 -0.04 -0.01 22.00 1004.15 
23 59 56 15.22 0 0.00000000 0.00000000 0.00 0.00 0.00 0.08 10.87 -0.24 -0.73 -52.91 -34.59 -2.51 -0.13 0.20 22.00 1004.18 
23 59 56 15.32 0 0.00000000 0.00000000 0.00 0.00 0.00 0.04 9.14 2.71 -2.36 -37.18 -51.73 -3.41 -0.01 0.14 22.00 1004.18 
23 59 56 15.42 0 0.00000000 0.00000000 0.00 0.00 0.00 0.71 8.32 4.43 -2.45 -23.00 -60.20 -2.64 0.09 0.16 22.00 1004.17 
23 59 56 15.52 0 0.00000000 0.00000000 0.00 0.00 0.00 0.20 6.12 8.28 -1.82 1.36 -66.12 -2.92 0.19 0.21 22.00 1004.16 
23 59 56 15.62 0 0.00000000 0.00000000 0.00 0.00 0.00 0.24 3.06 9.57 -1.55 15.09 -65.92 -2.77 -0.38 -0.10 22.00 1004.11 
23 59 56 15.72 0 0.00000000 0.00000000 0.00 0.00 0.00 0.67 2.43 8.20 -6.82 38.55 -58.27 -1.67 -0.51 -0.09 22.00 1004.12 
23 59 56 15.82 0 0.00000000 0.00000000 0.00 0.00 0.00 0.90 0.75 8.87 -8.91 43.91 -54.69 -1.03 0.22 0.22 22.00 1004.18 
23 59 56 15.93 0 0.00000000 0.00000000 0.00 0.00 0.00 0.55 -0.94 10.51 -5.91 50.82 -50.41 -0.28 0.31 0.25 22.00 1004.25 
23 59 57 16.03 0 0.00000000 0.00000000 0.00 0.00 0.00 0.24 -0.55 10.79 -4.18 51.00 -50.20 0.26 0.06 -0.02 22.00 1004.13 
23 59 57 16.13 0 0.00000000 0.00000000 0.00 0.00 0.00 0.20 -0.55 10.83 -4.09 50.00 -51.22 -0.63 -0.11 0.00 22.00 1004.16 
23 59 57 16.23 0 0.00000000 0.00000000 0.00 0.00 0.00 0.71 -2.12 10.20 -5.36 54.82 -46.84 -2.86 -0.35 -0.15 22.00 1004.14 
23 59 57 16.33 0 0.00000000 0.00000000 0.00 0.00 0.00 0.78 -5.41 8.00 -8.91 70.27 -23.88 -3.77 -0.12 -0.08 22.00 1004.18 
23 59 57 16.43 0 0.00000000 0.00000000 0.00 0.00 0.00 0.98 -7.61 5.88 -9.45 74.45 -7.96 -2.83 -0.08 0.04 22.00 1004.16 
23 59 57 16.53 0 0.00000000 0.00000000 0.00 0.00 0.00 0.90 -9.38 3.30 -8.45 73.73 18.67 -2.59 0.07 0.15 22.00 1004.22 
23 59 57 16.63 0 0.00000000 0.00000000 0.00 0.00 0.00 0.24 -9.53 1.96 -8.00 70.36 29.29 -2.07 0.12 0.27 22.00 1004.13 
23 59 57 16.73 0 0.00000000 0.00000000 0.00 0.00 0.00 0.16 -10.20 -0.31 -6.27 61.09 44.49 -1.71 0.01 0.13 22.00 1004.18 
23 59 57 16.83 0 0.00000000 0.00000000 0.00 0.00 0.00 0.63 -10.12 -2.55 -6.27 56.00 50.00 -0.64 -0.15 0.25 22.00 1004.12 
23 59 58 16.94 0 0.00000000 0.00000000 50180.00 0.00 0.00 0.39 -9.85 -1.96 -4.82 52.91 52.76 0.20 0.03 0.03 22.00 1004.16 
23 59 58 17.04 0 0.00000000 0.00000000 50180.00 0.00 0.00 0.63 -9.89 -1.33 -5.09 54.73 50.82 1.73 0.09 0.07 22.00 1004.16 
23 59 58 17.14 0 0.00000000 0.00000000 50180.00 0.00 0.00 -0.08 -9.65 1.84 -4.55 67.64 35.20 3.25 -0.11 0.28 22.00 1004.18 
23 59 58 17.24 0 0.00000000 0.00000000 50180.00 0.00 0.00 -0.24 -8.71 4.86 -3.27 73.91 19.80 3.85 -0.20 0.22 22.00 1004.19 
23 59 58 17.34 0 0.00000000 0.00000000 50180.00 0.00 0.00 -0.39 -5.88 8.55 -2.45 72.36 -20.82 4.12 -0.30 -0.10 22.00 1004.05 
23 59 58 17.44 0 0.00000000 0.00000000 50180.00 0.00 0.00 0.24 -0.82 10.40 -3.45 63.82 -37.04 3.28 0.53 -0.19 22.00 1004.08 
23 59 58 17.54 0 0.00000000 0.00000000 50180.00 0.00 0.00 -1.65 -0.16 11.45 0.36 46.64 -54.39 1.36 0.43 0.33 22.00 1004.16 
23 59 58 17.64 0 0.00000000 0.00000000 50180.00 0.00 0.00 -0.98 2.00 11.14 2.45 43.91 -56.22 0.10 -0.05 -0.16 22.00 1004.18 
23 59 58 17.74 0 0.00000000 0.00000000 50180.00 0.00 0.00 -0.55 0.63 10.83 1.00 45.09 -55.20 -0.09 -0.14 0.06 22.00 1004.17 
23 59 58 17.84 0 0.00000000 0.00000000 50180.00 0.00 0.00 -0.59 -0.31 11.65 0.64 45.82 -54.49 -0.03 -0.34 0.06 22.00 1004.16 
23 59 59 17.95 0 0.00000000 0.00000000 50180.00 0.00 0.00 -0.43 -0.39 13.10 -6.64 47.36 -53.37 -0.36 -1.78 -0.22 22.00 1004.12 
23 59 59 18.05 0 0.00000000 0.00000000 50180.00 0.00 0.00 1.26 0.00 11.14 -17.36 47.73 -49.39 0.15 -3.22 -0.07 22.00 1004.12 
23 59 59 18.15 0 0.00000000 0.00000000 50180.00 0.00 0.00 2.94 -0.27 10.59 -36.91 46.55 -35.92 -0.51 -2.28 0.29 22.00 1004.16 
23 59 59 18.25 0 0.00000000 0.00000000 50180.00 0.00 0.00 7.10 -1.02 6.86 -41.36 47.09 -29.08 -0.23 -2.33 0.15 22.00 1004.11 
23 59 59 18.35 0 0.00000000 0.00000000 50180.00 0.00 0.00 8.20 -1.29 4.71 -49.45 45.18 -14.80 0.64 -2.31 -0.27 22.00 1004.10 
23 59 59 18.45 0 0.00000000 0.00000000 50180.00 0.00 0.00 8.16 0.00 1.18 -53.00 42.45 -7.45 0.83 -2.72 -0.06 22.00 1004.11 
23 59 59 18.55 0 0.00000000 0.00000000 50180.00 0.00 0.00 9.41 0.43 -3.88 -54.36 40.73 7.45 0.45 -1.71 0.05 22.00 1004.07 
23 59 59 18.65 0 0.00000000 0.00000000 50180.00 0.00 0.00 9.49 0.27 -2.94 -53.82 41.00 10.20 -0.09 0.00 0.14 22.10 1004.09 
23 59 59 18.75 0 0.00000000 0.00000000 50180.00 0.00 0.00 9.65 -0.20 -1.37 -53.55 42.09 10.20 -0.12 0.20 0.12 22.10 1004.12 
23 59 59 18.86 0 0.00000000 0.00000000 50180.00 0.00 0.00 10.16 0.00 -2.35 -53.36 42.00 9.08 -0.13 0.86 0.02 22.10 1004.06 
0 0 0 18.96 0 0.00000000 0.00000000 50180.00 0.00 0.00 9.45 -0.75 0.00 -53.64 42.55 1.53 -0.31 1.44 0.08 22.10 1004.08 
0 0 0 19.06 0 0.00000000 0.00000000 50180.00 0.00 0.00 8.00 -0.35 -0.16 -53.09 42.45 -5.41 -0.03 2.71 -0.07 22.10 1004.08 
0 0 0 19.16 0 0.00000000 0.00000000 50180.00 0.00 0.00 4.94 0.59 5.45 -50.73 42.00 -16.22 -0.60 3.62 0.05 22.10 1004.09 
0 0 0 19.26 0 0.00000000 0.00000000 50180.00 0.00 0.00 2.67 0.24 8.20 -36.55 45.45 -36.73 -0.35 2.89 0.32 22.10 1004.17 
0 0 0 19.36 0 0.00000000 0.00000000 50180.00 0.00 0.00 1.37 -0.51 11.10 -17.64 49.36 -47.86 0.20 2.39 0.39 22.10 1004.10 
0 0 0 19.46 0 0.00000000 0.00000000 50180.00 0.00 0.00 0.12 0.31 13.45 -9.27 49.18 -51.12 0.57 0.89 0.15 22.10 1004.15 
0 0 0 19.56 0 0.00000000 0.00000000 50180.00 0.00 0.00 0.94 0.43 10.87 -5.91 47.91 -53.16 0.13 -0.43 -0.03 22.10 1004.15 
0 0 0 19.66 0 0.00000000 0.00000000 50180.00 0.00 0.00 0.55 -0.08 9.06 -8.64 47.73 -52.76 -0.21 0.10 -0.07 22.10 1004.13 
0 0 0 19.76 0 0.00000000 0.00000000 50180.00 0.00 0.00 1.02 0.20 10.28 -7.64 47.91 -52.65 -0.20 1.02 -0.07 22.10 1004.11 
0 0 0 19.87 0 0.00000000 0.00000000 50180.00 0.00 0.00 -0.35 -1.65 12.24 0.27 49.91 -52.45 -0.98 1.01 0.00 22.10 1004.10 
0 0 1 19.97 0 0.00000000 0.00000000 0.00 0.00 0.00 -3.65 -3.57 7.69 4.64 52.45 -50.61 -0.26 1.40 0.40 22.10 1004.11 
0 0 1 20.07 0 0.00000000 0.00000000 0.00 0.00 0.00 -4.08 -2.51 7.18 18.27 54.09 -46.94 0.20 2.52 -0.15 22.10 1004.14 
0 0 1 20.17 0 0.00000000 0.00000000 0.00 0.00 0.00 -7.69 -0.43 7.22 25.55 53.82 -43.98 0.09 3.00 -0.48 22.10 1004.10 
0 0 1 20.27 0 0.00000000 0.00000000 0.00 0.00 0.00 -7.53 -0.24 4.59 38.36 53.64 -35.10 -0.03 2.81 0.40 22.10 1004.11 
0 0 1 20.37 0 0.00000000 0.00000000 0.00 0.00 0.00 -12.16 -0.71 6.20 46.82 51.82 -29.18 -0.22 3.06 0.77 22.10 1004.20 
0 0 1 20.47 0 0.00000000 0.00000000 0.00 0.00 0.00 -9.53 -2.31 2.12 62.00 46.82 -13.06 0.19 1.55 0.40 22.10 1004.20 
0 0 1 20.57 0 0.00000000 0.00000000 0.00 0.00 0.00 -9.57 -0.51 0.39 64.82 44.91 -8.47 0.10 0.13 0.31 22.10 1004.13 
0 0 1 20.67 0 0.00000000 0.00000000 0.00 0.00 0.00 -8.83 -1.10 3.37 65.64 43.64 -8.47 0.19 -0.27 -0.01 22.10 1004.19 
0 0 1 20.78 0 0.00000000 0.00000000 0.00 0.00 0.00 -10.59 -0.90 2.35 64.55 44.36 -10.31 -0.14 -1.47 -0.27 22.10 1004.20 
0 0 1 20.88 0 0.00000000 0.00000000 0.00 0.00 0.00 -9.89 -0.39 1.26 56.18 48.27 -20.41 0.29 -2.16 -0.36 22.10 1004.07 
0 0 2 20.98 0 0.00000000 0.00000000 0.00 0.00 0.00 -8.94 0.00 2.94 50.73 49.27 -27.14 0.36 -1.85 0.14 22.10 1004.18 
0 0 2 21.08 0 0.00000000 0.00000000 0.00 0.00 0.00 -8.24 -0.82 6.20 43.27 48.91 -35.20 -0.51 -1.76 0.37 22.10 1004.11 
0 0 2 21.18 0 0.00000000 0.00000000 0.00 0.00 0.00 -7.53 -1.29 5.18 39.64 49.00 -37.96 0.22 -1.32 -0.25 22.10 1004.23 
0 0 2 21.28 0 0.00000000 0.00000000 0.00 0.00 0.00 -6.39 0.31 7.30 31.82 49.82 -43.57 0.06 -0.75 -0.06 22.10 1004.11 
0 0 2 21.38 0 0.00000000 0.00000000 0.00 0.00 0.00 -6.47 -0.94 9.10 29.91 49.82 -44.69 0.26 -1.29 0.10 22.10 1004.16 
0 0 2 21.48 0 0.00000000 0.00000000 0.00 0.00 0.00 -4.75 -1.65 10.32 21.45 49.73 -49.80 0.03 -1.95 -0.12 22.10 1004.21 
0 0 2 21.58 0 0.00000000 0.00000000 0.00 0.00 0.00 -2.98 -0.27 10.43 13.45 49.36 -52.76 0.23 -2.24 0.12 22.10 1004.16 
0 0 2 21.68 0 0.00000000 0.00000000 0.00 0.00 0.00 -0.35 0.12 9.61 -4.36 46.91 -53.88 -0.14 -1.98 0.05 22.10 1004.17 
0 0 2 21.79 0 0.00000000 0.00000000 0.00 0.00 0.00 2.04 -1.18 7.10 -11.36 46.55 -52.65 -0.11 -1.12 0.12 22.10 1004.13 
0 0 3 21.89 0 0.00000000 0.00000000 0.00 0.00 0.00 5.37 1.41 1.92 -16.09 46.00 -51.12 0.00 0.44 -0.09 22.10 1004.15 
0 0 3 21.99 0 0.00000000 0.00000000 0.00 0.00 0.00 0.75 -0.20 10.00 -13.91 46.00 -51.73 -0.29 0.99 -0.30 22.10 1004.15 
0 0 3 22.09 0 0.00000000 0.00000000 0.00 0.00 0.00 0.31 -1.73 11.49 -9.27 47.36 -52.76 -0.01 0.65 -0.43 22.10 1004.07 
0 0 3 22.19 0 0.00000000 0.00000000 0.00 0.00 0.00 -0.71 -2.71 11.77 -9.82 47.55 -52.24 -0.07 0.07 -1.77 22.10 1004.14 
0 0 3 22.29 0 0.00000000 0.00000000 0.00 0.00 0.00 -1.18 -1.22 10.36 -22.82 41.45 -50.10 -0.35 -0.10 -3.03 22.10 1004.12 
0 0 3 22.39 0 0.00000000 0.00000000 0.00 0.00 0.00 -1.22 -2.35 10.55 -28.36 35.18 -49.49 -0.02 0.21 -2.29 22.10 1004.12 
0 0 3 22.49 0 0.00000000 0.00000000 0.00 0.00 0.00 -1.26 -0.39 10.79 -33.00 21.45 -51.33 0.44 0.12 -2.14 22.10 1004.13 
0 0 3 22.59 0 0.00000000 0.00000000 0.00 0.00 0.00 -1.37 -0.27 9.69 -34.36 14.27 -51.73 -0.03 0.02 -1.94 22.10 1004.16 
0 0 3 22.70 0 0.00000000 0.00000000 0.00 0.00 0.00 -0.43 0.75 10.63 -33.64 4.91 -53.06 -0.11 0.12 -1.67 22.10 1004.06 
0 0 3 22.80 0 0.00000000 0.00000000 0.00 0.00 0.00 -0.63 -0.20 10.43 -32.91 1.82 -53.57 0.17 -0.04 -0.96 22.10 1004.13 
0 0 4 22.90 0 0.00000000 0.00000000 0.00 0.00 0.00 0.08 1.61 9.77 -31.73 -2.45 -53.88 -0.04 0.10 -0.26 22.10 1004.11 
0 0 4 23.00 0 0.00000000 0.00000000 0.00 0.00 0.00 -0.47 0.55 10.90 -31.64 -2.18 -53.88 -0.15 -0.14 0.27 22.10 1004.15 
0 0 4 23.10 0 0.00000000 0.00000000 0.00 0.00 0.00 0.43 1.92 10.16 -33.18 0.64 -52.96 -0.07 -0.10 0.72 22.10 1004.14 
0 0 4 23.20 0 0.00000000 0.00000000 0.00 0.00 0.00 0.31 1.57 9.57 -33.82 4.45 -52.45 0.05 -0.02 1.73 22.10 1004.14 
0 0 4 23.30 0 0.00000000 0.00000000 0.00 0.00 0.00 -0.35 -1.37 6.79 -33.64 14.64 -51.84 0.47 0.14 2.59 22.10 1004.12 
0 0 4 23.40 0 0.00000000 0.00000000 0.00 0.00 0.00 -1.29 0.31 10.59 -30.91 19.91 -53.16 0.03 0.38 2.83 22.10 1004.14 
0 0 4 23.50 0 0.00000000 0.00000000 0.00 0.00 0.00 -1.49 1.33 10.32 -27.00 34.45 -54.18 -0.33 0.26 3.12 22.10 1004.17 
0 0 4 23.60 0 0.00000000 0.00000000 0.00 0.00 0.00 -2.28 -1.26 9.57 -13.55 41.27 -53.88 0.03 -0.23 2.80 22.10 1004.18 
0 0 4 23.71 0 0.00000000 0.00000000 0.00 0.00 0.00 -0.98 -2.31 10.36 -7.18 44.91 -54.49 -0.36 -0.51 2.08 22.10 1004.11 
0 0 4 23.81 0 0.00000000 0.00000000 0.00 0.00 0.00 -0.08 -2.08 10.04 -0.82 48.36 -53.67 -0.19 -0.31 0.27 22.10 1004.18 
0 0 5 23.91 0 0.00000000 0.00000000 0.00 0.00 0.00 -0.16 0.98 10.87 -1.36 48.64 -53.06 0.31 0.06 0.22 22.10 1004.18 
0 0 5 24.01 0 0.00000000 0.00000000 0.00 0.00 0.00 -1.29 3.30 10.43 2.55 47.64 -54.59 0.13 0.18 1.92 22.10 1004.11 
0 0 5 24.11 0 0.00000000 0.00000000 0.00 0.00 0.00 -2.00 -0.20 10.20 9.36 47.09 -55.00 0.62 0.04 2.95 22.10 1004.17 
0 0 5 24.21 0 0.00000000 0.00000000 0.00 0.00 0.00 -1.73 1.61 10.47 24.27 39.73 -57.45 0.52 -0.01 2.46 22.10 1004.17 
0 0 5 24.31 0 0.00000000 0.00000000 0.00 0.00 0.00 -1.14 -0.59 9.85 29.82 34.73 -58.78 -0.24 -0.14 2.30 22.10 1004.13 
0 0 5 24.41 0 0.00000000 0.00000000 0.00 0.00 0.00 -0.63 -0.51 10.83 36.73 29.73 -59.80 0.10 -0.10 1.39 22.10 1004.16 
0 0 5 24.51 0 0.00000000 0.00000000 0.00 0.00 0.00 0.78 1.49 9.22 38.36 25.36 -61.33 -0.07 -0.12 1.58 22.10 1004.14 
0 0 5 24.62 0 0.00000000 0.00000000 0.00 0.00 0.00 0.51 -1.14 10.24 41.82 19.55 -61.73 -0.15 0.26 1.09 22.10 1004.15 
0 0 5 24.72 0 0.00000000 0.00000000 0.00 0.00 0.00 -0.08 -0.94 10.00 44.09 17.00 -61.84 -0.17 0.03 0.98 22.10 1004.14 
0 0 5 24.82 0 0.00000000 0.00000000 0.00 0.00 0.00 -0.08 -1.45 10.16 45.45 13.91 -61.94 -0.30 -0.06 0.42 22.10 1004.18 
0 0 6 24.92 0 0.00000000 0.00000000 0.00 0.00 0.00 -0.39 -1.88 10.16 45.55 14.00 -62.24 0.25 0.05 -0.23 22.10 1004.18 
0 0 6 25.02 0 0.00000000 0.00000000 0.00 0.00 0.00 -0.59 -2.20 10.28 45.00 14.91 -62.24 0.73 -0.15 -1.15 22.10 1004.17 
0 0 6 25.12 0 0.00000000 0.00000000 0.00 0.00 0.00 -1.06 0.24 9.57 43.55 15.55 -62.55 0.79 -0.11 -2.20 22.10 1004.18 
0 0 6 25.22 0 0.00000000 0.00000000 0.00 0.00 0.00 -0.75 0.12 10.47 37.55 23.09 -62.04 0.01 -0.41 -2.60 22.10 1004.16 
0 0 6 25.32 0 0.00000000 0.00000000 0.00 0.00 0.00 -0.98 -0.90 9.65 31.27 30.45 -61.12 -1.12 -0.21 -3.23 22.10 1004.12 
0 0 6 25.42 0 0.00000000 0.00000000 0.00 0.00 0.00 -1.77 -0.12 9.41 14.73 46.64 -55.61 -1.22 0.40 -3.65 22.10 1004.16 
0 0 6 25.52 0 0.00000000 0.00000000 0.00 0.00 0.00 -2.28 0.59 10.36 7.09 50.45 -53.98 -0.41 0.94 -3.05 22.10 1004.17 
0 0 6 25.63 0 0.00000000 0.00000000 0.00 0.00 0.00 -1.57 1.77 13.85 -2.55 52.27 -51.94 0.42 -0.28 -0.02 22.10 1004.12 
0 0 6 25.73 0 0.00000000 0.00000000 0.00 0.00 0.00 -0.35 -0.43 10.20 -4.18 50.91 -52.86 0.28 -0.89 0.42 22.10 1004.16 
0 0 6 25.83 0 0.00000000 0.00000000 0.00 0.00 0.00 0.27 0.31 9.45 -8.64 49.55 -52.65 0.43 -0.74 0.81 22.10 1004.10 
0 0 7 25.93 0 0.00000000 0.00000000 0.00 0.00 0.00 0.75 -0.20 8.59 -8.27 49.09 -53.37 -0.04 -0.52 0.67 22.10 1004.17 
0 0 7 26.03 0 0.00000000 0.00000000 0.00 0.00 0.00 1.57 -1.02 9.41 -6.91 51.36 -52.14 -0.34 -0.25 0.29 22.10 1004.16 
0 0 7 26.13 0 0.00000000 0.00000000 0.00 0.00 0.00 6.28 2.31 -0.20 -6.45 51.45 -51.84 0.39 0.58 -0.25 22.10 1004.15 
0 0 7 26.23 0 0.00000000 0.00000000 0.00 0.00 0.00 -0.08 -0.43 9.92 1.36 52.00 -51.12 -0.23 1.01 -0.18 22.10 1004.16 
0 0 7 26.33 0 0.00000000 0.00000000 0.00 0.00 0.00 -1.22 -0.98 11.96 3.73 52.91 -48.37 0.36 0.62 0.16 22.10 1004.16 
0 0 7 26.43 0 0.00000000 0.00000000 0.00 0.00 0.00 1.33 -0.43 15.69 3.27 51.09 -47.24 -0.39 0.16 -0.03 22.10 1004.18 
0 0 7 26.54 0 0.00000000 0.00000000 0.00 0.00 0.00 0.71 0.82 1.92 1.91 51.45 -46.53 0.04 -0.50 -0.12 22.10 1004.14 
0 0 7 26.64 0 0.00000000 0.00000000 0.00 0.00 0.00 0.04 1.10 11.34 -3.73 48.91 -49.18 0.89 -0.15 -0.09 22.10 1004.12 
0 0 7 26.74 0 0.00000000 0.00000000 0.00 0.00 0.00 0.51 -1.14 8.83 -4.64 46.64 -50.92 0.88 0.12 -0.28 22.10 1004.15 
0 0 7 26.84 0 0.00000000 0.00000000 0.00 0.00 0.00 -0.90 0.27 11.26 -7.09 42.82 -53.06 -0.21 -0.10 -0.33 22.10 1004.14 
0 0 8 26.94 0 0.00000000 0.00000000 0.00 0.00 0.00 -0.04 3.06 5.57 -8.36 44.82 -51.53 -0.17 -0.23 0.20 22.10 1004.18 
0 0 8 27.04 0 0.00000000 0.00000000 0.00 0.00 0.00 -0.27 0.31 11.41 -8.82 45.55 -50.71 0.39 -0.04 0.13 22.10 1004.21 
0 0 8 27.14 0 0.00000000 0.00000000 0.00 0.00 0.00 -2.00 -0.24 18.36 -9.36 43.36 -52.24 -0.64 -0.13 -0.00 22.10 1004.14 
0 0 8 27.24 0 0.00000000 0.00000000 0.00 0.00 0.00 -0.35 -1.26 10.90 -11.36 45.82 -50.31 -0.40 0.04 0.00 22.10 1004.14 
0 0 8 27.34 0 0.00000000 0.00000000 0.00 0.00 0.00 0.31 0.51 9.57 -11.45 45.45 -50.10 0.05 -0.02 0.03 22.10 1004.15 
0 0 8 27.44 0 0.00000000 0.00000000 0.00 0.00 0.00 0.27 0.12 10.43 -11.27 45.18 -50.61 0.03 -0.00 0.03 22.10 1004.14 
0 0 8 27.55 0 0.00000000 0.00000000 0.00 0.00 0.00 -0.08 0.27 9.34 -11.36 45.36 -50.51 -0.07 -0.03 0.03 22.10 1004.20 
0 0 8 27.65 0 0.00000000 0.00000000 0.00 0.00 0.00 0.43 0.27 9.61 -11.27 45.45 -50.61 -0.00 -0.02 0.03 22.10 1004.22 
0 0 8 27.75 0 0.00000000 0.00000000 0.00 0.00 0.00 0.78 2.12 11.69 -11.18 45.36 -50.61 -0.11 -0.01 0.03 22.10 1004.16 
0 0 8 27.85 0 0.00000000 0.00000000 0.00 0.00 0.00 0.08 0.35 10.55 -11.18 45.91 -50.31 0.10 0.03 0.04 22.10 1004.19 
0 0 9 27.95 0 0.00000000 0.00000000 0.00 0.00 0.00 0.08 -0.16 10.79 -10.73 45.55 -50.20 -0.06 -0.02 -0.04 22.10 1004.18 
0 0 9 28.05 0 0.00000000 0.00000000 0.00 0.00 0.00 0.24 0.20 10.04 -11.18 45.45 -50.20 0.03 0.01 0.04 22.10 1004.17 
0 0 9 28.15 0 0.00000000 0.00000000 0.00 0.00 0.00 0.24 0.31 10.16 -11.18 45.45 -50.61 0.05 -0.00 0.04 22.10 1004.15 
0 0 9 28.25 0 0.00000000 0.00000000 0.00 0.00 0.00 0.16 0.43 10.00 -11.00 45.45 -50.61 0.03 0.01 0.04 22.10 1004.19 
0 0 9 28.35 0 0.00000000 0.00000000 0.00 0.00 0.00 0.04 0.31 10.28 -11.18 44.91 -50.82 0.02 -0.00 0.04 22.10 1004.18 
0 0 9 28.46 0 0.00000000 0.00000000 0.00 0.00 0.00 0.27 0.35 10.08 -11.00 45.00 -50.92 0.02 -0.00 0.03 22.10 1004.20 
0 0 9 28.58 0 0.00000000 0.00000000 0.00 0.00 0.00 0.20 0.51 10.16 -11.09 45.00 -50.61 0.01 -0.00 0.04 22.10 1004.17 
0 0 9 28.68 0 0.00000000 0.00000000 0.00 0.00 0.00 0.08 0.24 10.36 -11.18 44.55 -51.02 -0.00 -0.02 0.03 22.10 1004.19 
0 0 9 28.79 0 0.00000000 0.00000000 0.00 0.00 0.00 0.08 0.39 10.16 -11.27 44.73 -50.92 0.01 0.02 -0.02 22.10 1004.21 
0 0 9 28.89 0 0.00000000 0.00000000 0.00 0.00 0.00 0.16 0.31 10.51 -11.55 44.55 -50.71 0.01 -0.01 -0.10 22.10 1004.22 
0 0 9 28.99 0 0.00000000 0.00000000 0.00 0.00 0.00 0.24 0.39 10.24 -11.64 44.55 -50.61 0.02 -0.01 0.04 22.10 1004.20 
0 0 10 29.09 0 0.00000000 0.00000000 0.00 0.00 0.00 0.43 0.39 10.16 -11.45 44.82 -50.92 0.04 -0.00 0.04 22.20 1004.22 
