9.00658130645752,0.0,0.0,0.0,30.491683959960938,-88.21195220947266,0.0,0.0,-99.0,0.0,992.0,992.0,992.0,992.0
10.006963729858398,0.0,0.0,0.0,30.491683959960938,-88.21195220947266,0.0,0.0,-99.0,0.0,992.0,992.0,992.0,992.0
11.007162094116211,0.0,0.0,0.0,30.491683959960938,-88.21195220947266,0.0,0.0,-99.0,0.0,992.0,992.0,992.0,992.0
12.007213592529297,0.0,0.0,0.0,30.491683959960938,-88.21195220947266,0.0,0.0,-99.0,0.0,992.0,992.0,992.0,992.0
13.007396697998047,0.0,0.0,0.0,30.491683959960938,-88.21195220947266,0.0,0.0,-99.0,0.0,992.0,992.0,992.0,992.0
14.00774097442627,0.0,0.0,0.0,30.491683959960938,-88.21195220947266,0.0,0.0,-99.0,0.0,992.0,992.0,992.0,992.0
15.008095741271973,0.0,0.0,0.0,30.491683959960938,-88.21195220947266,0.0,0.0,-99.0,0.0,992.0,992.0,992.0,992.0
16.00838279724121,0.0,0.0,0.0,30.491683959960938,-88.21195220947266,0.0,0.0,-99.0,0.0,992.0,992.0,992.0,992.0
17.00859832763672,0.0,0.0,0.0,30.491683959960938,-88.21195220947266,0.0,0.0,-99.0,0.0,992.0,992.0,992.0,992.0
18.008609771728516,0.0,0.0,0.0,30.491683959960938,-88.21195220947266,0.0,0.0,-99.0,0.0,992.0,992.0,992.0,992.0
19.008808135986328,0.0,0.0,0.0,30.491683959960938,-88.21195220947266,0.0,0.0,-99.0,0.0,992.0,992.0,992.0,992.0
20.00908088684082,0.0,0.0,0.0,30.491683959960938,-88.21195220947266,0.0,0.0,-99.0,0.0,992.0,992.0,992.0,992.0
21.009267807006836,0.0,0.0,0.0,30.491683959960938,-88.21195220947266,0.0,0.0,-99.0,0.0,992.0,992.0,992.0,992.0
22.009273529052734,0.0,0.0,0.0,30.491683959960938,-88.21195220947266,0.0,0.0,-99.0,0.0,992.0,992.0,992.0,992.0
23.009410858154297,0.0,0.0,0.0,30.491683959960938,-88.21195220947266,0.0,0.0,-99.0,0.0,992.0,992.0,992.0,992.0
24.009605407714844,0.0,0.0,0.0,30.491683959960938,-88.21195220947266,0.0,0.0,-99.0,0.0,992.0,992.0,992.0,992.0
25.009639739990234,0.0,0.0,0.0,30.491683959960938,-88.21195220947266,0.0,0.0,-99.0,0.0,992.0,992.0,992.0,992.0
26.00978660583496,0.0,0.0,0.0,30.491683959960938,-88.21195220947266,0.0,0.0,-99.0,0.0,992.0,992.0,992.0,992.0
27.009811401367188,0.0,0.0,0.0,30.491683959960938,-88.21195220947266,0.0,0.0,-99.0,0.0,992.0,992.0,992.0,992.0
28.011247634887695,0.0,0.0,0.0,30.491683959960938,-88.21195220947266,0.0,0.0,-99.0,0.0,992.0,992.0,992.0,992.0
29.011627197265625,0.0,0.0,0.0,30.491683959960938,-88.21195220947266,0.0,0.0,-99.0,0.0,992.0,992.0,992.0,992.0
30.011884689331055,0.0,0.0,0.0,30.491683959960938,-88.21195220947266,0.0,0.0,-99.0,0.0,992.0,992.0,992.0,992.0
31.012130737304688,0.0,0.0,0.0,30.491683959960938,-88.21195220947266,0.0,0.0,-99.0,0.0,992.0,992.0,992.0,992.0
32.01238250732422,0.0,0.0,0.0,30.491683959960938,-88.21195220947266,0.0,0.0,-99.0,0.0,992.0,992.0,992.0,992.0
33.0126953125,0.0,0.0,0.0,30.491683959960938,-88.21195220947266,0.0,0.0,-99.0,0.0,992.0,992.0,992.0,992.0
34.012718200683594,0.0,0.0,0.0,30.491683959960938,-88.21195220947266,0.0,0.0,-99.0,0.0,992.0,992.0,992.0,992.0
35.012874603271484,0.0,0.0,0.0,30.491683959960938,-88.21195220947266,0.0,0.0,-99.0,0.0,992.0,992.0,992.0,992.0
36.01307678222656,0.0,0.0,0.0,30.491683959960938,-88.21195220947266,0.0,0.0,-99.0,0.0,992.0,992.0,992.0,992.0
37.01321792602539,0.0,0.0,0.0,30.491683959960938,-88.21195220947266,0.0,0.0,-99.0,0.0,992.0,992.0,992.0,992.0
38.013282775878906,0.0,0.0,0.0,30.491683959960938,-88.21195220947266,0.0,0.0,-99.0,0.0,992.0,992.0,992.0,992.0
39.01358413696289,0.0,0.0,0.0,30.491683959960938,-88.21195220947266,0.0,0.0,-99.0,0.0,992.0,992.0,992.0,992.0
40.013912200927734,0.0,0.0,0.0,30.491683959960938,-88.21195220947266,0.0,0.0,-99.0,0.0,992.0,992.0,992.0,992.0
41.01422119140625,0.0,0.0,0.0,30.491683959960938,-88.21195220947266,0.0,0.0,-99.0,0.0,992.0,992.0,992.0,992.0
42.01422882080078,0.0,0.0,0.0,30.491683959960938,-88.21195220947266,0.0,0.0,-99.0,0.0,992.0,992.0,992.0,992.0
43.01426696777344,0.0,0.0,0.0,30.491683959960938,-88.21195220947266,0.0,0.0,-99.0,0.0,992.0,992.0,992.0,992.0
44.01439666748047,0.0,0.0,0.0,30.491683959960938,-88.21195220947266,0.0,0.0,-99.0,0.0,992.0,992.0,992.0,992.0
45.014549255371094,0.0,0.0,0.0,30.491683959960938,-88.21195220947266,0.0,0.0,-99.0,0.0,992.0,992.0,992.0,992.0
46.01479721069336,0.0,0.0,0.0,30.491683959960938,-88.21195220947266,0.0,0.0,-99.0,0.0,992.0,992.0,992.0,992.0
47.01519775390625,0.0,0.0,0.0,30.491683959960938,-88.21195220947266,0.0,0.0,-99.0,0.0,992.0,992.0,992.0,992.0
48.0152473449707,0.0,0.0,0.0,30.491683959960938,-88.21195220947266,0.0,0.0,-99.0,0.0,992.0,992.0,992.0,992.0
49.015384674072266,0.0,0.0,0.0,30.491683959960938,-88.21195220947266,0.0,0.0,-99.0,0.0,992.0,992.0,992.0,992.0
50.01547622680664,0.0,0.0,0.0,30.491683959960938,-88.21195220947266,0.0,0.0,-99.0,0.0,992.0,992.0,992.0,992.0
51.01561737060547,0.0,0.0,0.0,30.491683959960938,-88.21195220947266,0.0,0.0,-99.0,0.0,992.0,992.0,992.0,992.0
52.01581954956055,7.097151756286621,-4.956136703491211,0.0,30.491683959960938,-88.21195220947266,0.0,0.0,-99.0,0.0,992.0,992.0,992.0,992.0
53.01606750488281,-0.0922015905380249,0.5915427207946777,0.0,30.491683959960938,-88.21195220947266,0.0,0.0,-99.0,0.0,992.0,992.0,992.0,992.0
54.01643753051758,2.8194806575775146,7.977077007293701,0.0,30.491683959960938,-88.21195220947266,0.0,0.0,-99.0,0.0,992.0,992.0,992.0,992.0
55.01650619506836,39.52797317504883,6.413195610046387,0.0,30.491683959960938,-88.21195220947266,0.0,0.0,-99.0,0.0,992.0,992.0,992.0,992.0
56.01675796508789,32.18212127685547,-11.495417594909668,0.0,30.491683959960938,-88.21195220947266,0.0,0.0,-99.0,0.0,992.0,992.0,992.0,992.0
57.01694107055664,10.996562957763672,8.825052261352539,0.0,30.491683959960938,-88.21195220947266,0.0,0.0,-99.0,0.0,992.0,992.0,992.0,992.0
58.01698684692383,49.454368591308594,13.442657470703125,0.0,30.491683959960938,-88.21195220947266,0.0,0.0,-99.0,0.0,992.0,992.0,992.0,992.0
59.017215728759766,23.77805519104004,-7.807067394256592,0.0,30.491683959960938,-88.21195220947266,0.0,0.0,-99.0,0.0,992.0,992.0,992.0,992.0
60.01727294921875,-3.0336577892303467,10.270707130432129,0.0,30.491683959960938,-88.21195220947266,0.0,0.0,-99.0,0.0,992.0,992.0,992.0,992.0
61.01751708984375,6.836287975311279,21.784204483032227,0.0,30.491683959960938,-88.21195220947266,0.0,0.0,-99.0,0.0,992.0,992.0,992.0,992.0
62.01774978637695,28.18194007873535,17.82255744934082,0.0,30.491683959960938,-88.21195220947266,0.0,0.0,-99.0,0.0,992.0,992.0,992.0,992.0
63.017906188964844,33.25906753540039,-9.623950958251953,0.0,30.491683959960938,-88.21195220947266,0.0,0.0,-99.0,0.0,992.0,992.0,992.0,992.0
64.01803588867188,9.378100395202637,-17.56597900390625,0.0,30.491683959960938,-88.21195220947266,0.0,0.0,-99.0,0.0,992.0,992.0,992.0,992.0
65.01806640625,-7.0008745193481445,5.1388702392578125,0.0,30.491683959960938,-88.21195220947266,0.0,0.0,-99.0,0.0,992.0,992.0,992.0,992.0
66.01811218261719,1.945959448814392,2.6063413619995117,0.0,30.491683959960938,-88.21195220947266,0.0,0.0,-99.0,0.0,992.0,992.0,992.0,992.0
67.01818084716797,-2.988114356994629,13.413991928100586,0.0,30.491683959960938,-88.21195220947266,0.0,0.0,-99.0,0.0,992.0,992.0,992.0,992.0
68.01835632324219,-2.1826794147491455,20.125877380371094,0.0,30.491683959960938,-88.21195220947266,0.0,0.0,-99.0,0.0,992.0,992.0,992.0,992.0
69.0185317993164,0.6641427278518677,-31.826736450195312,0.0,30.491683959960938,-88.21195220947266,0.0,0.0,-99.0,0.0,992.0,992.0,992.0,992.0
70.01860046386719,-8.860454559326172,16.173599243164062,0.0,30.491683959960938,-88.21195220947266,0.0,0.0,-99.0,0.0,992.0,992.0,992.0,992.0
71.01870727539062,-6.577978610992432,23.488996505737305,0.0,30.491683959960938,-88.21195220947266,0.0,0.0,-99.0,0.0,992.0,992.0,992.0,992.0
72.01881408691406,43.47843551635742,6.4356842041015625,0.0,30.491683959960938,-88.21195220947266,0.0,0.0,-99.0,0.0,992.0,992.0,992.0,992.0
73.01882934570312,22.316715240478516,-26.990060806274414,0.0,30.491683959960938,-88.21195220947266,0.0,0.0,-99.0,0.0,992.0,992.0,992.0,992.0
74.01889038085938,21.530601501464844,6.544864177703857,0.0,30.491683959960938,-88.21195220947266,0.0,0.0,-99.0,0.0,992.0,992.0,992.0,992.0
75.01913452148438,-17.00558090209961,14.430960655212402,0.0,30.491683959960938,-88.21195220947266,0.0,0.0,-99.0,0.0,992.0,992.0,992.0,992.0
76.01942443847656,22.073734283447266,14.469449043273926,0.0,30.491683959960938,-88.21195220947266,0.0,0.0,-99.0,0.0,992.0,992.0,992.0,992.0
77.01973724365234,-10.367585182189941,17.133968353271484,0.0,30.491683959960938,-88.21195220947266,0.0,0.0,-99.0,0.0,992.0,992.0,992.0,992.0
78.01985168457031,4.878229141235352,13.838138580322266,0.0,30.491683959960938,-88.21195220947266,0.0,0.0,-99.0,0.0,992.0,992.0,992.0,992.0
79.02071380615234,7.988799095153809,9.5101957321167,0.0,30.491683959960938,-88.21195220947266,0.0,0.0,-99.0,0.0,992.0,992.0,992.0,992.0
80.02110290527344,-2.433962821960449,11.04078197479248,0.0,30.491683959960938,-88.21195220947266,0.0,0.0,-99.0,0.0,992.0,992.0,992.0,992.0
81.02117156982422,9.296910285949707,1.9758886098861694,0.0,30.491683959960938,-88.21195220947266,0.0,0.0,-99.0,0.0,992.0,992.0,992.0,992.0
82.02149200439453,2.5159404277801514,-10.800437927246094,0.0,30.491683959960938,-88.21195220947266,0.0,0.0,-99.0,0.0,992.0,992.0,992.0,992.0
83.02159881591797,2.5159404277801514,-10.800437927246094,0.0,30.491683959960938,-88.21195220947266,0.0,0.0,-99.0,0.0,992.0,992.0,992.0,992.0
84.0216293334961,2.5159404277801514,-10.800437927246094,0.0,30.491683959960938,-88.21195220947266,0.0,0.0,-99.0,0.0,992.0,992.0,992.0,992.0
85.02174377441406,2.5159404277801514,-10.800437927246094,0.0,30.491683959960938,-88.21195220947266,0.0,0.0,-99.0,0.0,992.0,992.0,992.0,992.0
86.0218734741211,2.5159404277801514,-10.800437927246094,0.0,30.491683959960938,-88.21195220947266,0.0,0.0,-99.0,0.0,992.0,992.0,992.0,992.0
87.02188110351562,2.5159404277801514,-10.800437927246094,0.0,30.491683959960938,-88.21195220947266,0.0,0.0,-99.0,0.0,992.0,992.0,992.0,992.0
88.02203369140625,2.5159404277801514,-10.800437927246094,0.0,30.491683959960938,-88.21195220947266,0.0,0.0,-99.0,0.0,992.0,992.0,992.0,992.0
89.02225494384766,2.5159404277801514,-10.800437927246094,0.0,30.491683959960938,-88.21195220947266,0.0,0.0,-99.0,0.0,992.0,992.0,992.0,992.0
90.02245330810547,2.5159404277801514,-10.800437927246094,0.0,30.491683959960938,-88.21195220947266,0.0,0.0,-99.0,0.0,992.0,992.0,992.0,992.0
91.0225830078125,2.5159404277801514,-10.800437927246094,0.0,30.491683959960938,-88.21195220947266,0.0,0.0,-99.0,0.0,992.0,992.0,992.0,992.0
92.0229263305664,2.5159404277801514,-10.800437927246094,0.0,30.491683959960938,-88.21195220947266,0.0,0.0,-99.0,0.0,992.0,992.0,992.0,992.0
93.02294158935547,2.5159404277801514,-10.800437927246094,0.0,30.491683959960938,-88.21195220947266,0.0,0.0,-99.0,0.0,992.0,992.0,992.0,992.0
94.02325439453125,2.5159404277801514,-10.800437927246094,0.0,30.491683959960938,-88.21195220947266,0.0,0.0,-99.0,0.0,992.0,992.0,992.0,992.0
95.0235595703125,2.5159404277801514,-10.800437927246094,0.0,30.491683959960938,-88.21195220947266,0.0,0.0,-99.0,0.0,992.0,992.0,992.0,992.0
96.02362060546875,2.5159404277801514,-10.800437927246094,0.0,30.491683959960938,-88.21195220947266,0.0,0.0,-99.0,0.0,992.0,992.0,992.0,992.0
97.02385711669922,2.5159404277801514,-10.800437927246094,0.0,30.491683959960938,-88.21195220947266,0.0,0.0,-99.0,0.0,992.0,992.0,992.0,992.0
98.02409362792969,2.5159404277801514,-10.800437927246094,0.0,30.491683959960938,-88.21195220947266,0.0,0.0,-99.0,0.0,992.0,992.0,992.0,992.0
99.02422332763672,2.5159404277801514,-10.800437927246094,0.0,30.491683959960938,-88.21195220947266,0.0,0.0,-99.0,0.0,992.0,992.0,992.0,992.0
100.02454376220703,2.5159404277801514,-10.800437927246094,0.0,30.491683959960938,-88.21195220947266,0.0,0.0,-99.0,0.0,992.0,992.0,992.0,992.0
101.0247573852539,2.5159404277801514,-10.800437927246094,0.0,30.491683959960938,-88.21195220947266,0.0,0.0,-99.0,0.0,992.0,992.0,992.0,992.0
102.02493286132812,2.5159404277801514,-10.800437927246094,0.0,30.491683959960938,-88.21195220947266,0.0,0.0,-99.0,0.0,992.0,992.0,992.0,992.0
103.02523040771484,2.5159404277801514,-10.800437927246094,0.0,30.491683959960938,-88.21195220947266,0.0,0.0,-99.0,0.0,992.0,992.0,992.0,992.0
104.02536010742188,2.5159404277801514,-10.800437927246094,0.0,30.491683959960938,-88.21195220947266,0.0,0.0,-99.0,0.0,992.0,992.0,992.0,992.0
105.02561950683594,2.5159404277801514,-10.800437927246094,0.0,30.491683959960938,-88.21195220947266,0.0,0.0,-99.0,0.0,992.0,992.0,992.0,992.0
106.02579498291016,2.5159404277801514,-10.800437927246094,0.0,30.491683959960938,-88.21195220947266,0.0,0.0,-99.0,0.0,992.0,992.0,992.0,992.0
107.02617645263672,2.5159404277801514,-10.800437927246094,0.0,30.491683959960938,-88.21195220947266,0.0,0.0,-99.0,0.0,992.0,992.0,992.0,992.0
108.02626037597656,2.5159404277801514,-10.800437927246094,0.0,30.491683959960938,-88.21195220947266,0.0,0.0,-99.0,0.0,992.0,992.0,992.0,992.0
109.02639770507812,2.5159404277801514,-10.800437927246094,0.0,30.491683959960938,-88.21195220947266,0.0,0.0,-99.0,0.0,992.0,992.0,992.0,992.0
110.02674102783203,2.5159404277801514,-10.800437927246094,0.0,30.491683959960938,-88.21195220947266,0.0,0.0,-99.0,0.0,992.0,992.0,992.0,992.0
111.02684783935547,2.5159404277801514,-10.800437927246094,0.0,30.491683959960938,-88.21195220947266,0.0,0.0,-99.0,0.0,992.0,992.0,992.0,992.0
112.02720642089844,2.5159404277801514,-10.800437927246094,0.0,30.491683959960938,-88.21195220947266,0.0,0.0,-99.0,0.0,992.0,992.0,992.0,992.0
113.02725982666016,2.5159404277801514,-10.800437927246094,0.0,30.491683959960938,-88.21195220947266,0.0,0.0,-99.0,0.0,992.0,992.0,992.0,992.0
114.0274887084961,2.5159404277801514,-10.800437927246094,0.0,30.491683959960938,-88.21195220947266,0.0,0.0,-99.0,0.0,992.0,992.0,992.0,992.0
