18.00604248046875,0.0,0.0,0.0,0.0,0.0,0.0,0.0,-99.0,0.0,992.0,992.0,992.0,992.0
19.00621795654297,0.0,0.0,0.0,30.491683959960938,-88.21195220947266,0.0,0.0,-99.0,0.0,992.0,992.0,992.0,992.0
20.006574630737305,0.0,0.0,0.0,30.491683959960938,-88.21195220947266,0.0,0.0,-99.0,0.0,992.0,992.0,992.0,992.0
21.006729125976562,0.0,0.0,0.0,30.491683959960938,-88.21195220947266,0.0,0.0,-99.0,0.0,992.0,992.0,992.0,992.0
22.007009506225586,0.0,0.0,0.0,30.491683959960938,-88.21195220947266,0.0,0.0,-99.0,0.0,992.0,992.0,992.0,992.0
23.007352828979492,0.0,0.0,0.0,30.491683959960938,-88.21195220947266,0.0,0.0,-99.0,0.0,992.0,992.0,992.0,992.0
24.007354736328125,0.0,0.0,0.0,30.491683959960938,-88.21195220947266,0.0,0.0,-99.0,0.0,992.0,992.0,992.0,992.0
25.00760269165039,0.0,0.0,0.0,30.491683959960938,-88.21195220947266,0.0,0.0,-99.0,0.0,992.0,992.0,992.0,992.0
26.007841110229492,0.0,0.0,0.0,30.491683959960938,-88.21195220947266,0.0,0.0,-99.0,0.0,992.0,992.0,992.0,992.0
27.00800132751465,0.0,0.0,0.0,30.491683959960938,-88.21195220947266,0.0,0.0,-99.0,0.0,992.0,992.0,992.0,992.0
28.009048461914062,0.0,0.0,0.0,30.491683959960938,-88.21195220947266,0.0,0.0,-99.0,0.0,992.0,992.0,992.0,992.0
29.00935935974121,0.0,0.0,0.0,30.491683959960938,-88.21195220947266,0.0,0.0,-99.0,0.0,992.0,992.0,992.0,992.0
30.00970458984375,0.0,0.0,0.0,30.491683959960938,-88.21195220947266,0.0,0.0,-99.0,0.0,992.0,992.0,992.0,992.0
31.01009178161621,0.0,0.0,0.0,30.491683959960938,-88.21195220947266,0.0,0.0,-99.0,0.0,992.0,992.0,992.0,992.0
32.01011276245117,0.0,0.0,0.0,30.491683959960938,-88.21195220947266,0.0,0.0,-99.0,0.0,992.0,992.0,992.0,992.0
33.010414123535156,0.0,0.0,0.0,30.491683959960938,-88.21195220947266,0.0,0.0,-99.0,0.0,992.0,992.0,992.0,992.0
34.01051330566406,0.0,0.0,0.0,30.491683959960938,-88.21195220947266,0.0,0.0,-99.0,0.0,992.0,992.0,992.0,992.0
35.01063919067383,0.0,0.0,0.0,30.491683959960938,-88.21195220947266,0.0,0.0,-99.0,0.0,992.0,992.0,992.0,992.0
36.01066589355469,0.0,0.0,0.0,30.491683959960938,-88.21195220947266,0.0,0.0,-99.0,0.0,992.0,992.0,992.0,992.0
37.01072311401367,0.0,0.0,0.0,30.491683959960938,-88.21195220947266,0.0,0.0,-99.0,0.0,992.0,992.0,992.0,992.0
38.011016845703125,0.0,0.0,0.0,30.491683959960938,-88.21195220947266,0.0,0.0,-99.0,0.0,992.0,992.0,992.0,992.0
39.011390686035156,0.0,0.0,0.0,30.491683959960938,-88.21195220947266,0.0,0.0,-99.0,0.0,992.0,992.0,992.0,992.0
40.01175308227539,0.0,0.0,0.0,30.491683959960938,-88.21195220947266,0.0,0.0,-99.0,0.0,992.0,992.0,992.0,992.0
41.01204299926758,0.0,0.0,0.0,30.491683959960938,-88.21195220947266,0.0,0.0,-99.0,0.0,992.0,992.0,992.0,992.0
42.01209259033203,0.0,0.0,0.0,30.491683959960938,-88.21195220947266,0.0,0.0,-99.0,0.0,992.0,992.0,992.0,992.0
43.012451171875,0.0,0.0,0.0,30.491683959960938,-88.21195220947266,0.0,0.0,-99.0,0.0,992.0,992.0,992.0,992.0
44.0127067565918,0.0,0.0,0.0,30.491683959960938,-88.21195220947266,0.0,0.0,-99.0,0.0,992.0,992.0,992.0,992.0
45.01313781738281,0.0,0.0,0.0,30.491683959960938,-88.21195220947266,0.0,0.0,-99.0,0.0,992.0,992.0,992.0,992.0
46.01325988769531,5.330385684967041,-1.1474891901016235,0.0,30.491683959960938,-88.21195220947266,0.0,0.0,-99.0,0.0,992.0,992.0,992.0,992.0
47.013427734375,-1.0637413263320923,-7.162337303161621,0.0,30.491683959960938,-88.21195220947266,0.0,0.0,-99.0,0.0,992.0,992.0,992.0,992.0
48.01346969604492,-1.6745953559875488,4.225622177124023,0.0,30.491683959960938,-88.21195220947266,0.0,0.0,-99.0,0.0,992.0,992.0,992.0,992.0
49.013511657714844,-0.8893387913703918,6.446335315704346,0.0,30.491683959960938,-88.21195220947266,0.0,0.0,-99.0,0.0,992.0,992.0,992.0,992.0
50.01383972167969,-1.6383193731307983,9.922083854675293,0.0,30.491683959960938,-88.21195220947266,0.0,0.0,-99.0,0.0,992.0,992.0,992.0,992.0
51.01411819458008,-1.3550457954406738,14.042154312133789,0.0,30.491683959960938,-88.21195220947266,0.0,0.0,-99.0,0.0,992.0,992.0,992.0,992.0
52.01432418823242,-1.28050696849823,12.197080612182617,0.0,30.491683959960938,-88.21195220947266,0.0,0.0,-99.0,0.0,992.0,992.0,992.0,992.0
53.01464080810547,-1.2814688682556152,8.131107330322266,0.0,30.491683959960938,-88.21195220947266,0.0,0.0,-99.0,0.0,992.0,992.0,992.0,992.0
54.0147705078125,-1.2396290302276611,4.7901930809021,0.0,30.491683959960938,-88.21195220947266,0.0,0.0,-99.0,0.0,992.0,992.0,992.0,992.0
55.014892578125,-1.171105146408081,5.958569049835205,0.0,30.491683959960938,-88.21195220947266,0.0,0.0,-99.0,0.0,992.0,992.0,992.0,992.0
56.01504898071289,-1.2376158237457275,10.875534057617188,0.0,30.491683959960938,-88.21195220947266,0.0,0.0,-99.0,0.0,992.0,992.0,992.0,992.0
57.01530075073242,-1.3230950832366943,13.041991233825684,0.0,30.491683959960938,-88.21195220947266,0.0,0.0,-99.0,0.0,992.0,992.0,992.0,992.0
58.01547622680664,-1.2738404273986816,13.2533597946167,0.0,30.491683959960938,-88.21195220947266,0.0,0.0,-99.0,0.0,992.0,992.0,992.0,992.0
59.0155029296875,-1.2882843017578125,13.196823120117188,0.0,30.491683959960938,-88.21195220947266,0.0,0.0,-99.0,0.0,992.0,992.0,992.0,992.0
60.01577377319336,-1.258355975151062,13.393759727478027,0.0,30.491683959960938,-88.21195220947266,0.0,0.0,-99.0,0.0,992.0,992.0,992.0,992.0
61.016109466552734,8.564932823181152,11.65703010559082,0.0,30.491683959960938,-88.21195220947266,0.0,0.0,-99.0,0.0,992.0,992.0,992.0,992.0
62.016136169433594,67.46336364746094,-9.330385208129883,0.0,30.491683959960938,-88.21195220947266,0.0,0.0,-99.0,0.0,992.0,992.0,992.0,992.0
63.01651382446289,38.84013748168945,4.978583335876465,0.0,30.491683959960938,-88.21195220947266,0.0,0.0,-99.0,0.0,992.0,992.0,992.0,992.0
64.01673889160156,46.39582443237305,-4.982482433319092,0.0,30.491683959960938,-88.21195220947266,0.0,0.0,-99.0,0.0,992.0,992.0,992.0,992.0
65.01698303222656,60.5793571472168,7.198568344116211,0.0,30.491683959960938,-88.21195220947266,0.0,0.0,-99.0,0.0,992.0,992.0,992.0,992.0
66.01734161376953,-80.75265502929688,25.306276321411133,0.0,30.491683959960938,-88.21195220947266,0.0,0.0,-99.0,0.0,992.0,992.0,992.0,992.0
67.01773071289062,21.513216018676758,-1.2362068891525269,0.0,30.491683959960938,-88.21195220947266,0.0,0.0,-99.0,0.0,992.0,992.0,992.0,992.0
68.01792907714844,42.948055267333984,-19.71834373474121,0.0,30.491683959960938,-88.21195220947266,0.0,0.0,-99.0,0.0,992.0,992.0,992.0,992.0
69.01834106445312,17.1784725189209,-55.69526290893555,0.0,30.491683959960938,-88.21195220947266,0.0,0.0,-99.0,0.0,992.0,992.0,992.0,992.0
70.01848602294922,60.65570068359375,15.427152633666992,0.0,30.491683959960938,-88.21195220947266,0.0,0.0,-99.0,0.0,992.0,992.0,992.0,992.0
71.0194320678711,60.65570068359375,15.427152633666992,0.0,30.491683959960938,-88.21195220947266,0.0,0.0,-99.0,0.0,992.0,992.0,992.0,992.0
