13.005127906799316,0.0,0.0,0.0,0.0,0.0,0.0,0.0,-99.0,0.0,992.0,992.0,992.0,992.0
14.005215644836426,0.0,0.0,0.0,30.491683959960938,-88.21195220947266,0.0,0.0,-99.0,0.0,992.0,992.0,992.0,992.0
15.005364418029785,0.0,0.0,0.0,30.491683959960938,-88.21195220947266,0.0,0.0,-99.0,0.0,992.0,992.0,992.0,992.0
16.005523681640625,0.0,0.0,0.0,30.491683959960938,-88.21195220947266,0.0,0.0,-99.0,0.0,992.0,992.0,992.0,992.0
17.005706787109375,0.0,0.0,0.0,30.491683959960938,-88.21195220947266,0.0,0.0,-99.0,0.0,992.0,992.0,992.0,992.0
18.00575828552246,0.0,0.0,0.0,30.491683959960938,-88.21195220947266,0.0,0.0,-99.0,0.0,992.0,992.0,992.0,992.0
19.00576400756836,0.0,0.0,0.0,30.491683959960938,-88.21195220947266,0.0,0.0,-99.0,0.0,992.0,992.0,992.0,992.0
20.005996704101562,0.0,0.0,0.0,30.491683959960938,-88.21195220947266,0.0,0.0,-99.0,0.0,992.0,992.0,992.0,992.0
21.00635528564453,0.0,0.0,0.0,30.491683959960938,-88.21195220947266,0.0,0.0,-99.0,0.0,992.0,992.0,992.0,992.0
22.006732940673828,0.0,0.0,0.0,30.491683959960938,-88.21195220947266,0.0,0.0,-99.0,0.0,992.0,992.0,992.0,992.0
23.00690269470215,0.0,0.0,0.0,30.491683959960938,-88.21195220947266,0.0,0.0,-99.0,0.0,992.0,992.0,992.0,992.0
24.007186889648438,0.0,0.0,0.0,30.491683959960938,-88.21195220947266,0.0,0.0,-99.0,0.0,992.0,992.0,992.0,992.0
25.007369995117188,0.0,0.0,0.0,30.491683959960938,-88.21195220947266,0.0,0.0,-99.0,0.0,992.0,992.0,992.0,992.0
26.0078067779541,0.0,0.0,0.0,30.491683959960938,-88.21195220947266,0.0,0.0,-99.0,0.0,992.0,992.0,992.0,992.0
27.008176803588867,0.0,0.0,0.0,30.491683959960938,-88.21195220947266,0.0,0.0,-99.0,0.0,992.0,992.0,992.0,992.0
28.008272171020508,0.0,0.0,0.0,30.491683959960938,-88.21195220947266,0.0,0.0,-99.0,0.0,992.0,992.0,992.0,992.0
29.00829315185547,0.0,0.0,0.0,30.491683959960938,-88.21195220947266,0.0,0.0,-99.0,0.0,992.0,992.0,992.0,992.0
30.008541107177734,0.0,0.0,0.0,30.491683959960938,-88.21195220947266,0.0,0.0,-99.0,0.0,992.0,992.0,992.0,992.0
31.008651733398438,0.0,0.0,0.0,30.491683959960938,-88.21195220947266,0.0,0.0,-99.0,0.0,992.0,992.0,992.0,992.0
32.00878143310547,0.0,0.0,0.0,30.491683959960938,-88.21195220947266,0.0,0.0,-99.0,0.0,992.0,992.0,992.0,992.0
33.0090217590332,7.190891742706299,-1.925636887550354,0.0,30.491683959960938,-88.21195220947266,0.0,0.0,-99.0,0.0,992.0,992.0,992.0,992.0
34.00941467285156,-4.597683906555176,0.7805559039115906,0.0,30.491683959960938,-88.21195220947266,0.0,0.0,-99.0,0.0,992.0,992.0,992.0,992.0
35.00947570800781,-2.1688265800476074,5.454600811004639,0.0,30.491683959960938,-88.21195220947266,0.0,0.0,-99.0,0.0,992.0,992.0,992.0,992.0
36.00980758666992,-1.3668423891067505,8.035439491271973,0.0,30.491683959960938,-88.21195220947266,0.0,0.0,-99.0,0.0,992.0,992.0,992.0,992.0
37.01008987426758,-0.44613057374954224,10.961019515991211,0.0,30.491683959960938,-88.21195220947266,0.0,0.0,-99.0,0.0,992.0,992.0,992.0,992.0
38.010276794433594,-0.9589976072311401,9.61213207244873,0.0,30.491683959960938,-88.21195220947266,0.0,0.0,-99.0,0.0,992.0,992.0,992.0,992.0
39.01046371459961,-0.863976001739502,8.20197582244873,0.0,30.491683959960938,-88.21195220947266,0.0,0.0,-99.0,0.0,992.0,992.0,992.0,992.0
40.01054000854492,-0.7480019927024841,7.7654876708984375,0.0,30.491683959960938,-88.21195220947266,0.0,0.0,-99.0,0.0,992.0,992.0,992.0,992.0
41.010650634765625,-0.8473076820373535,8.142467498779297,0.0,30.491683959960938,-88.21195220947266,0.0,0.0,-99.0,0.0,992.0,992.0,992.0,992.0
42.01065444946289,-0.7987989187240601,8.485549926757812,0.0,30.491683959960938,-88.21195220947266,0.0,0.0,-99.0,0.0,992.0,992.0,992.0,992.0
43.0107536315918,-0.8320045471191406,8.448715209960938,0.0,30.491683959960938,-88.21195220947266,0.0,0.0,-99.0,0.0,992.0,992.0,992.0,992.0
44.01101303100586,-0.9882863759994507,10.074687004089355,0.0,30.491683959960938,-88.21195220947266,0.0,0.0,-99.0,0.0,992.0,992.0,992.0,992.0
45.01132583618164,-0.9422932863235474,8.942037582397461,0.0,30.491683959960938,-88.21195220947266,0.0,0.0,-99.0,0.0,992.0,992.0,992.0,992.0
46.011478424072266,-0.9694145917892456,8.8409423828125,0.0,30.491683959960938,-88.21195220947266,0.0,0.0,-99.0,0.0,992.0,992.0,992.0,992.0
47.011539459228516,6.793490409851074,7.143182754516602,0.0,30.491683959960938,-88.21195220947266,0.0,0.0,-99.0,0.0,992.0,992.0,992.0,992.0
48.01183319091797,9.371753692626953,6.331128120422363,0.0,30.491683959960938,-88.21195220947266,0.0,0.0,-99.0,0.0,992.0,992.0,992.0,992.0
49.01228332519531,6.291623115539551,8.586396217346191,0.0,30.491683959960938,-88.21195220947266,0.0,0.0,-99.0,0.0,992.0,992.0,992.0,992.0
50.01265335083008,4.078042984008789,9.0165433883667,0.0,30.491683959960938,-88.21195220947266,0.0,0.0,-99.0,0.0,992.0,992.0,992.0,992.0
51.012760162353516,-1.3025062084197998,6.013443470001221,0.0,30.491683959960938,-88.21195220947266,0.0,0.0,-99.0,0.0,992.0,992.0,992.0,992.0
52.01289749145508,0.10613515973091125,8.999807357788086,0.0,30.491683959960938,-88.21195220947266,0.0,0.0,-99.0,0.0,992.0,992.0,992.0,992.0
53.01312255859375,0.03582194820046425,9.537690162658691,0.0,30.491683959960938,-88.21195220947266,0.0,0.0,-99.0,0.0,992.0,992.0,992.0,992.0
54.01356887817383,-0.0988335981965065,9.026537895202637,0.0,30.491683959960938,-88.21195220947266,0.0,0.0,-99.0,0.0,992.0,992.0,992.0,992.0
55.01358413696289,-0.08142980188131332,8.534934997558594,0.0,30.491683959960938,-88.21195220947266,0.0,0.0,-99.0,0.0,992.0,992.0,992.0,992.0
56.013885498046875,-0.2850457429885864,8.092386245727539,0.0,30.491683959960938,-88.21195220947266,0.0,0.0,-99.0,0.0,992.0,992.0,992.0,992.0
57.014278411865234,-0.2919566333293915,6.55266809463501,0.0,30.491683959960938,-88.21195220947266,0.0,0.0,-99.0,0.0,992.0,992.0,992.0,992.0
58.014923095703125,0.7707119584083557,7.81679630279541,0.0,30.491683959960938,-88.21195220947266,0.0,0.0,-99.0,0.0,992.0,992.0,992.0,992.0
59.015357971191406,0.12104716897010803,8.688634872436523,0.0,30.491683959960938,-88.21195220947266,0.0,0.0,-99.0,0.0,992.0,992.0,992.0,992.0
60.015663146972656,-0.47458142042160034,8.371746063232422,0.0,30.491683959960938,-88.21195220947266,0.0,0.0,-99.0,0.0,992.0,992.0,992.0,992.0
61.0159912109375,-0.11854273080825806,3.17399525642395,0.0,30.491683959960938,-88.21195220947266,0.0,0.0,-99.0,0.0,992.0,992.0,992.0,992.0
62.01612091064453,-0.19476811587810516,-4.588424205780029,0.0,30.491683959960938,-88.21195220947266,0.0,0.0,-99.0,0.0,992.0,992.0,992.0,992.0
63.01616668701172,-0.1028706282377243,5.370408535003662,0.0,30.491683959960938,-88.21195220947266,0.0,0.0,-99.0,0.0,992.0,992.0,992.0,992.0
64.0165786743164,-0.057073432952165604,6.351857662200928,0.0,30.491683959960938,-88.21195220947266,0.0,0.0,-99.0,0.0,992.0,992.0,992.0,992.0
65.01700592041016,-0.1294613778591156,9.504642486572266,0.0,30.491683959960938,-88.21195220947266,0.0,0.0,-99.0,0.0,992.0,992.0,992.0,992.0
66.01737976074219,-0.3234310746192932,1.460207462310791,0.0,30.491683959960938,-88.21195220947266,0.0,0.0,-99.0,0.0,992.0,992.0,992.0,992.0
67.01751708984375,-0.08412618935108185,-4.895816802978516,0.0,30.491683959960938,-88.21195220947266,0.0,0.0,-99.0,0.0,992.0,992.0,992.0,992.0
68.01783752441406,-0.08054614812135696,-2.330814838409424,0.0,30.491683959960938,-88.21195220947266,0.0,0.0,-99.0,0.0,992.0,992.0,992.0,992.0
69.01808166503906,-0.0907645970582962,-0.8883125185966492,0.0,30.491683959960938,-88.21195220947266,0.0,0.0,-99.0,0.0,992.0,992.0,992.0,992.0
70.01824188232422,-0.23922808468341827,-0.07999039441347122,0.0,30.491683959960938,-88.21195220947266,0.0,0.0,-99.0,0.0,992.0,992.0,992.0,992.0
71.018310546875,-0.15400353074073792,7.714386463165283,0.0,30.491683959960938,-88.21195220947266,0.0,0.0,-99.0,0.0,992.0,992.0,992.0,992.0
72.01837921142578,16.38733673095703,9.379476547241211,0.0,30.491683959960938,-88.21195220947266,0.0,0.0,-99.0,0.0,992.0,992.0,992.0,992.0
73.01874542236328,10.068942070007324,7.108901500701904,0.0,30.491683959960938,-88.21195220947266,0.0,0.0,-99.0,0.0,992.0,992.0,992.0,992.0
74.01885986328125,23.084383010864258,5.725456714630127,0.0,30.491683959960938,-88.21195220947266,0.0,0.0,-99.0,0.0,992.0,992.0,992.0,992.0
75.01913452148438,21.367212295532227,6.685171604156494,0.0,30.491683959960938,-88.21195220947266,0.0,0.0,-99.0,0.0,992.0,992.0,992.0,992.0
76.01956176757812,20.78326988220215,4.741652488708496,0.0,30.491683959960938,-88.21195220947266,0.0,0.0,-99.0,0.0,992.0,992.0,992.0,992.0
77.0196533203125,24.348825454711914,5.0062174797058105,0.0,30.491683959960938,-88.21195220947266,0.0,0.0,-99.0,0.0,992.0,992.0,992.0,992.0
78.0198745727539,17.818321228027344,4.5309929847717285,0.0,30.491683959960938,-88.21195220947266,0.0,0.0,-99.0,0.0,992.0,992.0,992.0,992.0
79.02020263671875,-1.2989060878753662,-1.457155704498291,0.0,30.491683959960938,-88.21195220947266,0.0,0.0,-99.0,0.0,992.0,992.0,992.0,992.0
80.02064514160156,-7.381017208099365,0.8017235398292542,0.0,30.491683959960938,-88.21195220947266,0.0,0.0,-99.0,0.0,992.0,992.0,992.0,992.0
81.02103424072266,6.026546001434326,1.0713697671890259,0.0,30.491683959960938,-88.21195220947266,0.0,0.0,-99.0,0.0,992.0,992.0,992.0,992.0
82.02107238769531,0.09790997952222824,1.4237360954284668,0.0,30.491683959960938,-88.21195220947266,0.0,0.0,-99.0,0.0,992.0,992.0,992.0,992.0
83.02128601074219,-3.6788060665130615,1.8309952020645142,0.0,30.491683959960938,-88.21195220947266,0.0,0.0,-99.0,0.0,992.0,992.0,992.0,992.0
84.0213851928711,-15.593605041503906,2.680408477783203,0.0,30.491683959960938,-88.21195220947266,0.0,0.0,-99.0,0.0,992.0,992.0,992.0,992.0
85.02142333984375,-5.323137283325195,3.1235580444335938,0.0,30.491683959960938,-88.21195220947266,0.0,0.0,-99.0,0.0,992.0,992.0,992.0,992.0
86.02174377441406,-8.41395092010498,1.5956093072891235,0.0,30.491683959960938,-88.21195220947266,0.0,0.0,-99.0,0.0,992.0,992.0,992.0,992.0
87.02198791503906,-16.463180541992188,2.2551839351654053,0.0,30.491683959960938,-88.21195220947266,0.0,0.0,-99.0,0.0,992.0,992.0,992.0,992.0
88.02208709716797,-14.474849700927734,4.014398097991943,0.0,30.491683959960938,-88.21195220947266,0.0,0.0,-99.0,0.0,992.0,992.0,992.0,992.0
89.02223205566406,-7.353288173675537,3.2445902824401855,0.0,30.491683959960938,-88.21195220947266,0.0,0.0,-99.0,0.0,992.0,992.0,992.0,992.0
90.0229721069336,-13.063851356506348,2.3415985107421875,0.0,30.491683959960938,-88.21195220947266,0.0,0.0,-99.0,0.0,992.0,992.0,992.0,992.0
91.02352142333984,-15.797411918640137,3.2044060230255127,0.0,30.491683959960938,-88.21195220947266,0.0,0.0,-99.0,0.0,992.0,992.0,992.0,992.0
92.02377319335938,-4.741249084472656,2.59002947807312,0.0,30.491683959960938,-88.21195220947266,0.0,0.0,-99.0,0.0,992.0,992.0,992.0,992.0
93.02401733398438,8.092947959899902,2.5443544387817383,0.0,30.491683959960938,-88.21195220947266,0.0,0.0,-99.0,0.0,992.0,992.0,992.0,992.0
94.02450561523438,-4.996607303619385,1.4636437892913818,0.0,30.491683959960938,-88.21195220947266,0.0,0.0,-99.0,0.0,992.0,992.0,992.0,992.0
95.02459716796875,-13.967721939086914,2.9029011726379395,0.0,30.491683959960938,-88.21195220947266,0.0,0.0,-99.0,0.0,992.0,992.0,992.0,992.0
96.02490234375,-2.983572244644165,2.671455144882202,0.0,30.491683959960938,-88.21195220947266,0.0,0.0,-99.0,0.0,992.0,992.0,992.0,992.0
97.02513122558594,7.6820292472839355,2.7451891899108887,0.0,30.491683959960938,-88.21195220947266,0.0,0.0,-99.0,0.0,992.0,992.0,992.0,992.0
98.02534484863281,-5.865207195281982,1.5480997562408447,0.0,30.491683959960938,-88.21195220947266,0.0,0.0,-99.0,0.0,992.0,992.0,992.0,992.0
99.02567291259766,-14.549002647399902,2.9939088821411133,0.0,30.491683959960938,-88.21195220947266,0.0,0.0,-99.0,0.0,992.0,992.0,992.0,992.0
100.0260009765625,3.2576992511749268,2.437490463256836,0.0,30.491683959960938,-88.21195220947266,0.0,0.0,-99.0,0.0,992.0,992.0,992.0,992.0
101.02609252929688,7.370092391967773,10.099922180175781,0.0,30.491683959960938,-88.21195220947266,0.0,0.0,-99.0,0.0,992.0,992.0,992.0,992.0
102.02637481689453,-10.157003402709961,6.754693031311035,0.0,30.491683959960938,-88.21195220947266,0.0,0.0,-99.0,0.0,992.0,992.0,992.0,992.0
103.0265884399414,-6.97618293762207,2.3620054721832275,0.0,30.491683959960938,-88.21195220947266,0.0,0.0,-99.0,0.0,992.0,992.0,992.0,992.0
104.02680206298828,-32.29716110229492,5.978684902191162,0.0,30.491683959960938,-88.21195220947266,0.0,0.0,-99.0,0.0,992.0,992.0,992.0,992.0
105.02717590332031,-5.824887275695801,9.465343475341797,0.0,30.491683959960938,-88.21195220947266,0.0,0.0,-99.0,0.0,992.0,992.0,992.0,992.0
106.02738189697266,17.1180362701416,27.194242477416992,0.0,30.491683959960938,-88.21195220947266,0.0,0.0,-99.0,0.0,992.0,992.0,992.0,992.0
107.02774810791016,10.158918380737305,11.422608375549316,0.0,30.491683959960938,-88.21195220947266,0.0,0.0,-99.0,0.0,992.0,992.0,992.0,992.0
108.02799987792969,-5.133225440979004,-3.248185634613037,0.0,30.491683959960938,-88.21195220947266,0.0,0.0,-99.0,0.0,992.0,992.0,992.0,992.0
109.02830505371094,0.3316490054130554,-1.072557806968689,0.0,30.491683959960938,-88.21195220947266,0.0,0.0,-99.0,0.0,992.0,992.0,992.0,992.0
110.02860260009766,0.6402987241744995,6.977651596069336,0.0,30.491683959960938,-88.21195220947266,0.0,0.0,-99.0,0.0,992.0,992.0,992.0,992.0
111.02890014648438,-0.8706396818161011,9.199606895446777,0.0,30.491683959960938,-88.21195220947266,0.0,0.0,-99.0,0.0,992.0,992.0,992.0,992.0
112.02914428710938,0.3158104717731476,3.1567223072052,0.0,30.491683959960938,-88.21195220947266,0.0,0.0,-99.0,0.0,992.0,992.0,992.0,992.0
113.02953338623047,-0.4014890193939209,0.3764488995075226,0.0,30.491683959960938,-88.21195220947266,0.0,0.0,-99.0,0.0,992.0,992.0,992.0,992.0
114.02960205078125,-0.010201571509242058,0.20974819362163544,0.0,30.491683959960938,-88.21195220947266,0.0,0.0,-99.0,0.0,992.0,992.0,992.0,992.0
115.02967834472656,-2.3139469623565674,-14.937150955200195,0.0,30.491683959960938,-88.21195220947266,0.0,0.0,-99.0,0.0,992.0,992.0,992.0,992.0
116.03007507324219,21.67828941345215,-68.3663558959961,0.0,30.491683959960938,-88.21195220947266,0.0,0.0,-99.0,0.0,992.0,992.0,992.0,992.0
117.03028869628906,103.99028778076172,-49.519718170166016,0.0,30.491683959960938,-88.21195220947266,0.0,0.0,-99.0,0.0,992.0,992.0,992.0,992.0
118.03047180175781,157.32684326171875,-52.72476577758789,0.0,30.491683959960938,-88.21195220947266,0.0,0.0,-99.0,0.0,992.0,992.0,992.0,992.0
119.03060913085938,-165.1533203125,-70.76356506347656,0.0,30.491683959960938,-88.21195220947266,0.0,0.0,-99.0,0.0,992.0,992.0,992.0,992.0
120.03080749511719,-21.854507446289062,-33.95313262939453,0.0,30.491683959960938,-88.21195220947266,0.0,0.0,-99.0,0.0,992.0,992.0,992.0,992.0
121.03118896484375,-21.55642318725586,40.146751403808594,0.0,30.491683959960938,-88.21195220947266,0.0,0.0,-99.0,0.0,992.0,992.0,992.0,992.0
122.03138732910156,35.85358810424805,21.095232009887695,0.0,30.491683959960938,-88.21195220947266,0.0,0.0,-99.0,0.0,992.0,992.0,992.0,992.0
123.03145599365234,28.990507125854492,-6.3753533363342285,0.0,30.491683959960938,-88.21195220947266,0.0,0.0,-99.0,0.0,992.0,992.0,992.0,992.0
124.0317611694336,-42.821311950683594,-17.515758514404297,0.0,30.491683959960938,-88.21195220947266,0.0,0.0,-99.0,0.0,992.0,992.0,992.0,992.0
125.03192138671875,136.18556213378906,-44.305152893066406,0.0,30.491683959960938,-88.21195220947266,0.0,0.0,-99.0,0.0,992.0,992.0,992.0,992.0
126.03211212158203,5.259993553161621,-45.775081634521484,0.0,30.491683959960938,-88.21195220947266,0.0,0.0,-99.0,0.0,992.0,992.0,992.0,992.0
127.03217315673828,-4.01540994644165,9.988617897033691,0.0,30.491683959960938,-88.21195220947266,0.0,0.0,-99.0,0.0,992.0,992.0,992.0,992.0
128.03231811523438,-0.27978768944740295,0.17883087694644928,0.0,30.491683959960938,-88.21195220947266,0.0,0.0,-99.0,0.0,992.0,992.0,992.0,992.0
129.03240966796875,0.1417572796344757,0.7532817125320435,0.0,30.491683959960938,-88.21195220947266,0.0,0.0,-99.0,0.0,992.0,992.0,992.0,992.0
130.03262329101562,-2.1919755935668945,-0.36403119564056396,0.0,30.491683959960938,-88.21195220947266,0.0,0.0,-99.0,0.0,992.0,992.0,992.0,992.0
131.03265380859375,-0.6812666654586792,-1.2806041240692139,0.0,30.491683959960938,-88.21195220947266,0.0,0.0,-99.0,0.0,992.0,992.0,992.0,992.0
132.0326690673828,-1.5386382341384888,-2.5378835201263428,0.0,30.491683959960938,-88.21195220947266,0.0,0.0,-99.0,0.0,992.0,992.0,992.0,992.0
133.03274536132812,-8.902604103088379,-7.705184459686279,0.0,30.491683959960938,-88.21195220947266,0.0,0.0,-99.0,0.0,992.0,992.0,992.0,992.0
134.03292846679688,11.845826148986816,-12.554298400878906,0.0,30.491683959960938,-88.21195220947266,0.0,0.0,-99.0,0.0,992.0,992.0,992.0,992.0
135.03335571289062,25.82084083557129,-17.43992042541504,0.0,30.491683959960938,-88.21195220947266,0.0,0.0,-99.0,0.0,992.0,992.0,992.0,992.0
136.033447265625,-15.66029167175293,-0.9342219829559326,0.0,30.491683959960938,-88.21195220947266,0.0,0.0,-99.0,0.0,992.0,992.0,992.0,992.0
137.03367614746094,13.591715812683105,-1.3896688222885132,0.0,30.491683959960938,-88.21195220947266,0.0,0.0,-99.0,0.0,992.0,992.0,992.0,992.0
138.0347900390625,-3.922285795211792,-1.920534610748291,0.0,30.491683959960938,-88.21195220947266,0.0,0.0,-99.0,0.0,992.0,992.0,992.0,992.0
139.0348358154297,1.824205756187439,-2.3483381271362305,0.0,30.491683959960938,-88.21195220947266,0.0,0.0,-99.0,0.0,992.0,992.0,992.0,992.0
140.03506469726562,0.7254178524017334,-2.8040683269500732,0.0,30.491683959960938,-88.21195220947266,0.0,0.0,-99.0,0.0,992.0,992.0,992.0,992.0
141.0352325439453,-0.18907959759235382,-3.2848832607269287,0.0,30.491683959960938,-88.21195220947266,0.0,0.0,-99.0,0.0,992.0,992.0,992.0,992.0
142.0352783203125,0.7352255582809448,-3.674452781677246,0.0,30.491683959960938,-88.21195220947266,0.0,0.0,-99.0,0.0,992.0,992.0,992.0,992.0
143.03555297851562,0.17024441063404083,-3.9582698345184326,0.0,30.491683959960938,-88.21195220947266,0.0,0.0,-99.0,0.0,992.0,992.0,992.0,992.0
144.03587341308594,0.4682713449001312,-4.116819381713867,0.0,30.491683959960938,-88.21195220947266,0.0,0.0,-99.0,0.0,992.0,992.0,992.0,992.0
145.03599548339844,0.30445611476898193,-4.216275215148926,0.0,30.491683959960938,-88.21195220947266,0.0,0.0,-99.0,0.0,992.0,992.0,992.0,992.0
146.0361785888672,2.018284559249878,-10.2554349899292,0.0,30.491683959960938,-88.21195220947266,0.0,0.0,-99.0,0.0,992.0,992.0,992.0,992.0
147.0362548828125,4.574571132659912,-16.021772384643555,0.0,30.491683959960938,-88.21195220947266,0.0,0.0,-99.0,0.0,992.0,992.0,992.0,992.0
148.03628540039062,7.0843892097473145,-18.70110321044922,0.0,30.491683959960938,-88.21195220947266,0.0,0.0,-99.0,0.0,992.0,992.0,992.0,992.0
149.0364227294922,-3.3109185695648193,0.5408542156219482,0.0,30.491683959960938,-88.21195220947266,0.0,0.0,-99.0,0.0,992.0,992.0,992.0,992.0
150.03656005859375,1.798828363418579,-1.484927773475647,0.0,30.491683959960938,-88.21195220947266,0.0,0.0,-99.0,0.0,992.0,992.0,992.0,992.0
151.03672790527344,0.5666459202766418,-2.1794095039367676,0.0,30.491683959960938,-88.21195220947266,0.0,0.0,-99.0,0.0,992.0,992.0,992.0,992.0
152.0369415283203,-0.04354327172040939,-2.890838146209717,0.0,30.491683959960938,-88.21195220947266,0.0,0.0,-99.0,0.0,992.0,992.0,992.0,992.0
153.03697204589844,0.937111496925354,-4.651898384094238,0.0,30.491683959960938,-88.21195220947266,0.0,0.0,-99.0,0.0,992.0,992.0,992.0,992.0
154.037109375,3.2731258869171143,-10.36876392364502,0.0,30.491683959960938,-88.21195220947266,0.0,0.0,-99.0,0.0,992.0,992.0,992.0,992.0
155.03721618652344,5.868477821350098,-15.266921043395996,0.0,30.491683959960938,-88.21195220947266,0.0,0.0,-99.0,0.0,992.0,992.0,992.0,992.0
156.0374755859375,8.378633499145508,-17.62016487121582,0.0,30.491683959960938,-88.21195220947266,0.0,0.0,-99.0,0.0,992.0,992.0,992.0,992.0
157.03762817382812,4.954796314239502,-9.04033088684082,0.0,30.491683959960938,-88.21195220947266,0.0,0.0,-99.0,0.0,992.0,992.0,992.0,992.0
158.03794860839844,0.8234337568283081,0.23744140565395355,0.0,30.491683959960938,-88.21195220947266,0.0,0.0,-99.0,0.0,992.0,992.0,992.0,992.0
159.03822326660156,0.5918563604354858,-1.7498297691345215,0.0,30.491683959960938,-88.21195220947266,0.0,0.0,-99.0,0.0,992.0,992.0,992.0,992.0
160.0383758544922,3.175240993499756,-5.102982997894287,0.0,30.491683959960938,-88.21195220947266,0.0,0.0,-99.0,0.0,992.0,992.0,992.0,992.0
161.0384979248047,5.7258219718933105,-8.717337608337402,0.0,30.491683959960938,-88.21195220947266,0.0,0.0,-99.0,0.0,992.0,992.0,992.0,992.0
162.03887939453125,8.456283569335938,-12.303565979003906,0.0,30.491683959960938,-88.21195220947266,0.0,0.0,-99.0,0.0,992.0,992.0,992.0,992.0
163.0389404296875,10.869768142700195,-14.77902603149414,0.0,30.491683959960938,-88.21195220947266,0.0,0.0,-99.0,0.0,992.0,992.0,992.0,992.0
164.03916931152344,13.017866134643555,-17.14983558654785,0.0,30.491683959960938,-88.21195220947266,0.0,0.0,-99.0,0.0,992.0,992.0,992.0,992.0
