23.01947021484375,0.0,0.0,0.0,0.0,0.0,0.0,0.0,-99.0,0.0,992.0,992.0,992.0,992.0
24.01960563659668,6.672700881958008,2.723219633102417,-123.54991149902344,30.69415283203125,-88.19522857666016,-0.6086693406105042,0.08034445345401764,-99.0,0.0,992.0,992.0,992.0,992.0
25.020742416381836,-15.509135246276855,3.9998698234558105,-123.54991149902344,30.69415283203125,-88.19522857666016,0.5201212763786316,0.08034445345401764,-99.0,0.0,992.0,992.0,992.0,992.0
26.021926879882812,-12.375072479248047,3.329249143600464,-134.77090454101562,30.694149017333984,-88.19522857666016,0.3846599757671356,0.417850136756897,-99.0,0.0,992.0,992.0,992.0,992.0
27.02338409423828,-1.9657809734344482,-2.224912643432617,-134.77090454101562,30.694149017333984,-88.19522857666016,0.7169746160507202,0.417850136756897,-99.0,0.0,992.0,992.0,992.0,992.0
28.024675369262695,5.8074631690979,6.049522399902344,29.335119247436523,30.694150924682617,-88.19522857666016,-0.12672871351242065,0.14639131724834442,-99.0,0.0,992.0,992.0,992.0,992.0
29.024965286254883,6.0757060050964355,5.300045490264893,35.39481735229492,30.694156646728516,-88.19522857666016,-0.2469622939825058,0.7759844660758972,-99.0,0.0,992.0,992.0,992.0,992.0
30.026086807250977,9.261476516723633,4.490451812744141,74.89672088623047,30.694156646728516,-88.19522094726562,-0.5346041321754456,0.4263429045677185,-99.0,0.0,992.0,992.0,992.0,992.0
31.027103424072266,8.41331958770752,4.79407262802124,-161.96827697753906,30.69415283203125,-88.19522094726562,-1.6460342407226562,0.5252788066864014,-99.0,0.0,992.0,992.0,992.0,992.0
32.02859878540039,6.3924479484558105,4.823853492736816,-161.96827697753906,30.69415283203125,-88.19522094726562,-0.8273108005523682,0.5252788066864014,-99.0,0.0,992.0,992.0,992.0,992.0
33.02920150756836,9.527958869934082,5.07555627822876,-119.88457489013672,30.694141387939453,-88.19524383544922,-0.5300384163856506,1.1471054553985596,-99.0,0.0,992.0,992.0,992.0,992.0
34.029903411865234,2.277991533279419,5.868840217590332,48.37883377075195,30.69414710998535,-88.19523620605469,-0.9221723675727844,0.8192683458328247,-99.0,0.0,992.0,992.0,992.0,992.0
35.03010940551758,-4.477566242218018,6.578524589538574,118.3157958984375,30.69414520263672,-88.19523620605469,-3.281766414642334,0.3043332099914551,-99.0,0.0,992.0,992.0,992.0,992.0
36.03153991699219,4.7724127769470215,6.029732704162598,171.35354614257812,30.694143295288086,-88.19523620605469,-3.500351905822754,0.19103625416755676,-99.0,0.0,992.0,992.0,992.0,992.0
37.03220748901367,5.740769386291504,4.689542293548584,43.666465759277344,30.694150924682617,-88.19522857666016,-3.7625467777252197,0.9970649480819702,-99.0,0.0,992.0,992.0,992.0,992.0
38.032405853271484,8.788017272949219,4.129012107849121,-114.3646011352539,30.694149017333984,-88.19522857666016,-3.4704298973083496,0.43067988753318787,-99.0,0.0,992.0,992.0,992.0,992.0
39.03388977050781,9.900166511535645,3.4310858249664307,-126.69609069824219,30.694141387939453,-88.19524383544922,-3.1752614974975586,1.3014129400253296,-99.0,0.0,992.0,992.0,992.0,992.0
40.03453826904297,8.702436447143555,2.2045085430145264,-121.95040893554688,30.694133758544922,-88.19525909423828,-3.6398181915283203,1.6564102172851562,-99.0,0.0,992.0,992.0,992.0,992.0
41.0360221862793,10.394869804382324,2.8562700748443604,-100.6980972290039,30.694133758544922,-88.19525909423828,-3.736682653427124,0.41874679923057556,-99.0,0.0,992.0,992.0,992.0,992.0
42.03617477416992,8.548633575439453,3.3723013401031494,-111.51087951660156,30.69413185119629,-88.19526672363281,-3.736682653427124,0.5446734428405762,-99.0,0.0,992.0,992.0,992.0,992.0
43.037391662597656,9.210787773132324,3.6802704334259033,-17.90764617919922,30.694133758544922,-88.19526672363281,-3.3563194274902344,0.18681545555591583,-99.0,0.0,992.0,992.0,992.0,992.0
44.03784942626953,6.789036273956299,3.698376178741455,-34.58091735839844,30.694133758544922,-88.19526672363281,-3.666696786880493,0.13480080664157867,-99.0,0.0,992.0,992.0,992.0,992.0
45.0379638671875,7.534558296203613,3.3913629055023193,-68.85199737548828,30.694135665893555,-88.19526672363281,-3.7280611991882324,0.18471582233905792,-99.0,0.0,992.0,992.0,992.0,992.0
46.037986755371094,3.4275388717651367,3.800544500350952,33.066715240478516,30.69413948059082,-88.19526672363281,-3.566788673400879,0.5966126918792725,-99.0,0.0,992.0,992.0,992.0,992.0
47.03946304321289,-0.26981714367866516,2.092574119567871,-19.018108367919922,30.69413948059082,-88.19526672363281,-3.4937589168548584,0.05876645818352699,-99.0,0.0,992.0,992.0,992.0,992.0
48.04023742675781,-2.0641138553619385,2.337533712387085,-108.94450378417969,30.694137573242188,-88.19527435302734,-3.7316112518310547,0.7177161574363708,-99.0,0.0,992.0,992.0,992.0,992.0
49.04170608520508,-3.626225233078003,2.7337324619293213,-124.60095977783203,30.694124221801758,-88.19529724121094,-3.690025568008423,2.5223565101623535,-99.0,0.0,992.0,992.0,992.0,992.0
50.04308319091797,-1.3293397426605225,2.254448890686035,-105.15132141113281,30.694124221801758,-88.19529724121094,-3.553602933883667,0.5943315625190735,-99.0,0.0,992.0,992.0,992.0,992.0
51.04440689086914,-2.359067678451538,2.8577234745025635,5.788686275482178,30.694128036499023,-88.19529724121094,-3.5252022743225098,0.5688333511352539,-99.0,0.0,992.0,992.0,992.0,992.0
52.044586181640625,-4.088479042053223,2.5666396617889404,-127.92961883544922,30.69411849975586,-88.1953125,-3.4192070960998535,1.6609147787094116,-99.0,0.0,992.0,992.0,992.0,992.0
53.04575729370117,-2.3932580947875977,3.074918746948242,41.36183547973633,30.694124221801758,-88.1953125,-3.704225540161133,0.6809132099151611,-99.0,0.0,992.0,992.0,992.0,992.0
54.04639434814453,-2.360501289367676,2.7872314453125,49.013214111328125,30.69413948059082,-88.1952896118164,-3.554110050201416,2.4706380367279053,-99.0,0.0,992.0,992.0,992.0,992.0
55.04684066772461,1.23468816280365,3.659442901611328,56.19709396362305,30.69414520263672,-88.19527435302734,-3.351247787475586,1.4970570802688599,-99.0,0.0,992.0,992.0,992.0,992.0
56.04737854003906,-3.4695611000061035,3.9530270099639893,70.34963989257812,30.69414710998535,-88.19527435302734,-3.223949670791626,0.5284671783447266,-99.0,0.0,992.0,992.0,992.0,992.0
57.04765701293945,-2.4969072341918945,3.7359542846679688,-150.81617736816406,30.694141387939453,-88.19527435302734,-3.5074520111083984,0.6869238018989563,-99.0,0.0,992.0,992.0,992.0,992.0
58.04873275756836,5.191238880157471,3.944754123687744,-154.24021911621094,30.69413948059082,-88.19527435302734,-3.225978374481201,0.30836695432662964,-99.0,0.0,992.0,992.0,992.0,992.0
59.04956817626953,12.57253646850586,4.473865509033203,60.45750045776367,30.694141387939453,-88.19527435302734,-3.440507650375366,0.4727558195590973,-99.0,0.0,992.0,992.0,992.0,992.0
60.05091857910156,12.771931648254395,4.193936824798584,-133.93292236328125,30.694133758544922,-88.19528198242188,-3.7737038135528564,1.4082127809524536,-99.0,0.0,992.0,992.0,992.0,992.0
61.051605224609375,9.58423900604248,3.6825592517852783,19.624540328979492,30.694135665893555,-88.19528198242188,-3.178304433822632,0.3416591286659241,-99.0,0.0,992.0,992.0,992.0,992.0
62.05323028564453,9.158049583435059,3.834930896759033,-117.81150817871094,30.694133758544922,-88.19528198242188,-3.4820942878723145,0.47600629925727844,-99.0,0.0,992.0,992.0,992.0,992.0
63.053768157958984,8.7925443649292,3.7656164169311523,-131.2899627685547,30.694128036499023,-88.1952896118164,-3.5211451053619385,0.9414921998977661,-99.0,0.0,992.0,992.0,992.0,992.0
64.05469512939453,6.8500776290893555,3.5896148681640625,-131.2899627685547,30.694128036499023,-88.1952896118164,-3.7113254070281982,0.9414921998977661,-99.0,0.0,992.0,992.0,992.0,992.0
65.05559539794922,8.049959182739258,3.861018657684326,46.5604248046875,30.69413948059082,-88.19528198242188,-3.3842132091522217,0.8235982060432434,-99.0,0.0,992.0,992.0,992.0,992.0
66.05672454833984,-0.9914819002151489,3.0965168476104736,-127.7277603149414,30.694137573242188,-88.19528198242188,-3.7463183403015137,0.18143191933631897,-99.0,0.0,992.0,992.0,992.0,992.0
67.05741882324219,-1.3729088306427002,3.5251641273498535,57.8614501953125,30.69414520263672,-88.19526672363281,-3.721975564956665,1.5022727251052856,-99.0,0.0,992.0,992.0,992.0,992.0
68.05741882324219,2.9643590450286865,4.0489583015441895,60.09629440307617,30.694150924682617,-88.19525909423828,-3.7326254844665527,1.2473132610321045,-99.0,0.0,992.0,992.0,992.0,992.0
69.0575180053711,3.2139248847961426,4.67902946472168,-142.88824462890625,30.69414710998535,-88.19525909423828,-3.2726376056671143,0.5713039040565491,-99.0,0.0,992.0,992.0,992.0,992.0
70.05779266357422,2.047419309616089,4.279829978942871,-130.83348083496094,30.69413948059082,-88.19526672363281,-3.3086462020874023,1.189489483833313,-99.0,0.0,992.0,992.0,992.0,992.0
71.05902862548828,1.748557686805725,3.9344594478607178,49.7003059387207,30.694141387939453,-88.19526672363281,-2.93739652633667,0.3263368606567383,-99.0,0.0,992.0,992.0,992.0,992.0
72.05998992919922,4.6245951652526855,5.115349769592285,53.43998718261719,30.694154739379883,-88.19524383544922,-3.256408214569092,2.4407618045806885,-99.0,0.0,992.0,992.0,992.0,992.0
73.0614013671875,-0.9468461275100708,4.122721195220947,-143.55035400390625,30.694149017333984,-88.19525146484375,-2.9044296741485596,0.6762546300888062,-99.0,0.0,992.0,992.0,992.0,992.0
74.06266021728516,0.062062762677669525,4.894038200378418,-152.06396484375,30.694149017333984,-88.19525146484375,-3.2097489833831787,0.16327914595603943,-99.0,0.0,992.0,992.0,992.0,992.0
75.06316375732422,1.4291075468063354,4.60913610458374,57.52735137939453,30.694150924682617,-88.19524383544922,-3.073319911956787,0.7028034329414368,-99.0,0.0,992.0,992.0,992.0,992.0
76.06480407714844,16.385467529296875,4.25325345993042,-152.94940185546875,30.694149017333984,-88.19524383544922,-3.2721304893493652,0.3367070257663727,-99.0,0.0,992.0,992.0,992.0,992.0
77.06486511230469,2.4720029830932617,3.4659879207611084,-139.24844360351562,30.69414710998535,-88.19525146484375,-3.1828689575195312,0.3514649569988251,-99.0,0.0,992.0,992.0,992.0,992.0
78.06503295898438,-1.1537562608718872,3.8861775398254395,-134.60829162597656,30.69414520263672,-88.19525146484375,-2.967827320098877,0.268979549407959,-99.0,0.0,992.0,992.0,992.0,992.0
79.0657730102539,-1.8284672498703003,3.7402093410491943,47.84909439086914,30.69415283203125,-88.19524383544922,-3.6697397232055664,1.2913264036178589,-99.0,0.0,992.0,992.0,992.0,992.0
80.06657409667969,-3.65655779838562,3.4194560050964355,47.84909439086914,30.69415283203125,-88.19524383544922,-3.551574230194092,1.2913264036178589,-99.0,0.0,992.0,992.0,992.0,992.0
81.0672836303711,-2.057745933532715,3.4152677059173584,85.57605743408203,30.69415283203125,-88.19523620605469,-3.6276466846466064,0.14394691586494446,-99.0,0.0,992.0,992.0,992.0,992.0
82.0677719116211,1.6208431720733643,4.241687297821045,47.12654495239258,30.69416046142578,-88.19522857666016,-3.010430335998535,1.2403531074523926,-99.0,0.0,992.0,992.0,992.0,992.0
83.06916809082031,2.178762674331665,4.260481357574463,47.12654495239258,30.69416046142578,-88.19522857666016,-3.4577507972717285,1.2403531074523926,-99.0,0.0,992.0,992.0,992.0,992.0
84.06937408447266,-0.4211565852165222,4.330554008483887,-153.48629760742188,30.69415855407715,-88.19522857666016,-3.4577507972717285,0.11786028742790222,-99.0,0.0,992.0,992.0,992.0,992.0
85.06974029541016,4.00449800491333,4.751203536987305,44.56132125854492,30.694168090820312,-88.19522094726562,-3.3558120727539062,1.4189246892929077,-99.0,0.0,992.0,992.0,992.0,992.0
86.0700454711914,6.976770401000977,4.256400108337402,-137.1390838623047,30.694164276123047,-88.19522094726562,-3.1407740116119385,0.5910031795501709,-99.0,0.0,992.0,992.0,992.0,992.0
87.07130432128906,-0.0731869786977768,-4.020081043243408,139.24842834472656,30.694164276123047,-88.19522094726562,-3.303067445755005,0.029327839612960815,-99.0,0.0,992.0,992.0,992.0,992.0
88.07217407226562,0.7334054112434387,-8.84130859375,-160.2497100830078,30.694162368774414,-88.19522094726562,-2.7771260738372803,0.14150021970272064,-99.0,0.0,992.0,992.0,992.0,992.0
89.07390594482422,3.4627208709716797,-7.8660569190979,44.321632385253906,30.694164276123047,-88.19522094726562,-2.5291080474853516,0.23277664184570312,-99.0,0.0,992.0,992.0,992.0,992.0
90.074462890625,-10.218924522399902,-6.697295665740967,29.876012802124023,30.694164276123047,-88.19522094726562,-2.327240228652954,0.07675737142562866,-99.0,0.0,992.0,992.0,992.0,992.0
91.07595825195312,-10.658287048339844,-1.9140312671661377,49.83580780029297,30.69416618347168,-88.19522094726562,-2.4520132541656494,0.4132522940635681,-99.0,0.0,992.0,992.0,992.0,992.0
92.07611083984375,-6.699878692626953,-5.344697952270508,64.1944351196289,30.694168090820312,-88.1952133178711,-2.5179495811462402,0.25488021969795227,-99.0,0.0,992.0,992.0,992.0,992.0
93.07698059082031,-10.480401039123535,-0.6080448031425476,-133.48178100585938,30.69416046142578,-88.19522857666016,-2.407886266708374,1.2270805835723877,-99.0,0.0,992.0,992.0,992.0,992.0
94.07734680175781,-5.406533718109131,-4.567747592926025,-130.2376708984375,30.694156646728516,-88.19522857666016,-2.7679967880249023,0.6015578508377075,-99.0,0.0,992.0,992.0,992.0,992.0
95.0787124633789,-14.057085037231445,-4.716117858886719,-111.51087951660156,30.69415283203125,-88.19524383544922,-3.0063729286193848,1.0905640125274658,-99.0,0.0,992.0,992.0,992.0,992.0
96.07947540283203,-10.862177848815918,-1.1271907091140747,-57.666351318359375,30.694154739379883,-88.19524383544922,-2.674673557281494,0.2489716112613678,-99.0,0.0,992.0,992.0,992.0,992.0
97.07975769042969,-11.050707817077637,-0.5703206658363342,-57.666351318359375,30.694154739379883,-88.19524383544922,-2.9160947799682617,0.2489716112613678,-99.0,0.0,992.0,992.0,992.0,992.0
98.08002471923828,-9.957189559936523,-0.981981635093689,-136.77027893066406,30.69415283203125,-88.19524383544922,-2.4266529083251953,0.08383607119321823,-99.0,0.0,992.0,992.0,992.0,992.0
99.08103942871094,-13.370481491088867,-1.4847233295440674,-115.80557250976562,30.694149017333984,-88.19525146484375,-4.15557336807251,0.893176257610321,-99.0,0.0,992.0,992.0,992.0,992.0
100.08259582519531,-11.910553932189941,-4.140832901000977,-122.39116668701172,30.69414520263672,-88.19525909423828,-3.7554469108581543,0.849604606628418,-99.0,0.0,992.0,992.0,992.0,992.0
101.0830078125,-11.38721752166748,-2.4867990016937256,124.84932708740234,30.69414520263672,-88.19525909423828,-2.524543285369873,0.17474454641342163,-99.0,0.0,992.0,992.0,992.0,992.0
102.08415222167969,-10.596445083618164,-1.7585593461990356,101.57373809814453,30.69414520263672,-88.19525909423828,-2.6168532371520996,0.16608911752700806,-99.0,0.0,992.0,992.0,992.0,992.0
103.08563232421875,23.241228103637695,-6.857236385345459,106.17867279052734,30.694143295288086,-88.19525146484375,-2.7771260738372803,0.2788431942462921,-99.0,0.0,992.0,992.0,992.0,992.0
104.08715057373047,30.20319938659668,-6.870385646820068,-123.06446838378906,30.69413948059082,-88.19526672363281,-2.8050215244293213,0.9355080723762512,-99.0,0.0,992.0,992.0,992.0,992.0
105.08857727050781,-27.30787467956543,-8.213428497314453,-135.06422424316406,30.69413185119629,-88.19527435302734,-2.5610616207122803,1.1911755800247192,-99.0,0.0,992.0,992.0,992.0,992.0
106.08891296386719,-9.38235092163086,13.154961585998535,146.40672302246094,30.69412612915039,-88.19526672363281,-2.8065431118011475,0.6394057273864746,-99.0,0.0,992.0,992.0,992.0,992.0
107.08903503417969,23.72736930847168,6.46578311920166,-167.5920867919922,30.694122314453125,-88.19526672363281,-3.256408214569092,0.5345750451087952,-99.0,0.0,992.0,992.0,992.0,992.0
108.09037780761719,39.032958984375,-4.645957946777344,-145.77288818359375,30.69411849975586,-88.19527435302734,-2.726407051086426,0.5106399655342102,-99.0,0.0,992.0,992.0,992.0,992.0
109.0906753540039,37.306697845458984,-7.16950798034668,-76.17074584960938,30.69411849975586,-88.19527435302734,-2.2902138233184814,0.32497966289520264,-99.0,0.0,992.0,992.0,992.0,992.0
110.09144592285156,49.35985565185547,-9.10835075378418,-71.15413665771484,30.694120407104492,-88.19528198242188,-2.3551366329193115,0.5158460736274719,-99.0,0.0,992.0,992.0,992.0,992.0
111.0928726196289,48.02328872680664,-1.467844009399414,-86.31114959716797,30.694120407104492,-88.19528198242188,-2.9429755210876465,0.17257919907569885,-99.0,0.0,992.0,992.0,992.0,992.0
112.09418487548828,45.18552017211914,-3.677875518798828,-16.025882720947266,30.694120407104492,-88.19528198242188,-2.524543285369873,0.03463450446724892,-99.0,0.0,992.0,992.0,992.0,992.0
113.09519958496094,49.77344512939453,2.657987594604492,-90.00000762939453,30.694120407104492,-88.19528198242188,-3.0667266845703125,0.0669388547539711,-99.0,0.0,992.0,992.0,992.0,992.0
114.09561157226562,26.600290298461914,-14.503469467163086,-55.150672912597656,30.694120407104492,-88.19528198242188,-2.6523571014404297,0.05827970430254936,-99.0,0.0,992.0,992.0,992.0,992.0
115.09674835205078,11.641129493713379,-11.4108304977417,58.24541091918945,30.694122314453125,-88.19528198242188,-2.813136577606201,0.16884367167949677,-99.0,0.0,992.0,992.0,992.0,992.0
116.09822845458984,38.172359466552734,-39.090171813964844,67.72669219970703,30.694122314453125,-88.19528198242188,-3.0895495414733887,0.1757041960954666,-99.0,0.0,992.0,992.0,992.0,992.0
117.09908294677734,43.37060546875,-41.722999572753906,7.017826557159424,30.694122314453125,-88.19528198242188,-3.3127033710479736,0.0782553181052208,-99.0,0.0,992.0,992.0,992.0,992.0
118.10047149658203,38.9437370300293,-35.55464172363281,0.0,30.694124221801758,-88.19528198242188,-3.5317952632904053,0.05551256611943245,-99.0,0.0,992.0,992.0,992.0,992.0
119.10150909423828,38.42131423950195,-38.72490692138672,40.75156784057617,30.694124221801758,-88.19528198242188,-3.1078078746795654,0.043944165110588074,-99.0,0.0,992.0,992.0,992.0,992.0
120.10211944580078,43.307682037353516,-38.86813735961914,-110.12644958496094,30.694124221801758,-88.19528198242188,-2.804007053375244,0.19356068968772888,-99.0,0.0,992.0,992.0,992.0,992.0
121.10363006591797,35.88356399536133,-38.6136589050293,81.3925552368164,30.694124221801758,-88.19528198242188,-3.5181021690368652,0.22260341048240662,-99.0,0.0,992.0,992.0,992.0,992.0
122.10450744628906,30.203968048095703,-32.31249237060547,-59.87570571899414,30.694124221801758,-88.19528198242188,-3.1438169479370117,0.11053730547428131,-99.0,0.0,992.0,992.0,992.0,992.0
123.1048583984375,32.007328033447266,-35.08077621459961,-112.02705383300781,30.694120407104492,-88.1952896118164,-2.878056287765503,1.1248960494995117,-99.0,0.0,992.0,992.0,992.0,992.0
124.10503387451172,19.76706314086914,-12.030561447143555,-93.06591033935547,30.694120407104492,-88.19529724121094,-1.9437819719314575,0.6230641603469849,-99.0,0.0,992.0,992.0,992.0,992.0
125.10520935058594,7.992748260498047,5.946667671203613,-9.32106876373291,30.694124221801758,-88.19529724121094,-2.3206465244293213,0.4728657305240631,-99.0,0.0,992.0,992.0,992.0,992.0
126.1053695678711,-2.1978189945220947,26.39422607421875,-5.903650760650635,30.694129943847656,-88.19529724121094,-2.0898630619049072,0.5584644675254822,-99.0,0.0,992.0,992.0,992.0,992.0
127.10667419433594,0.061604686081409454,35.914920806884766,-29.876014709472656,30.69413185119629,-88.19530487060547,-2.0898630619049072,0.3843899667263031,-99.0,0.0,992.0,992.0,992.0,992.0
128.10791015625,20.61119842529297,31.37623405456543,-30.36850929260254,30.694133758544922,-88.19530487060547,-3.6555397510528564,0.32155856490135193,-99.0,0.0,992.0,992.0,992.0,992.0
129.1082763671875,-5.247899532318115,29.816408157348633,-87.53887939453125,30.694135665893555,-88.19530487060547,-0.3950962722301483,0.25845077633857727,-99.0,0.0,992.0,992.0,992.0,992.0
130.1095428466797,-15.56844711303711,42.970909118652344,-126.23929595947266,30.694133758544922,-88.19530487060547,1.3111085891723633,0.22548116743564606,-99.0,0.0,992.0,992.0,992.0,992.0
131.1104278564453,-8.97606086730957,42.41715621948242,-97.77445220947266,30.694133758544922,-88.1953125,2.2208943367004395,0.32816281914711,-99.0,0.0,992.0,992.0,992.0,992.0
132.11141967773438,5.6095099449157715,31.0235652923584,-94.3517074584961,30.69413185119629,-88.19532012939453,4.696949005126953,0.5852605104446411,-99.0,0.0,992.0,992.0,992.0,992.0
133.1123809814453,-25.84231185913086,63.8601188659668,-91.99394226074219,30.69413185119629,-88.19532775878906,4.759377956390381,0.9571549892425537,-99.0,0.0,992.0,992.0,992.0,992.0
134.1141357421875,-22.686321258544922,53.15867233276367,-92.9432373046875,30.69413185119629,-88.19534301757812,6.768476963043213,1.5134315490722656,-99.0,0.0,992.0,992.0,992.0,992.0
135.11483764648438,-40.09815979003906,43.186073303222656,-91.42453002929688,30.69413185119629,-88.19535827636719,11.76701831817627,1.3385993242263794,-99.0,0.0,992.0,992.0,992.0,992.0
136.1162567138672,1.5572094917297363,30.84271240234375,-87.46382904052734,30.69413185119629,-88.19537353515625,14.013181686401367,1.2547059059143066,-99.0,0.0,992.0,992.0,992.0,992.0
137.1171112060547,-6.734000205993652,39.10602569580078,-103.0669174194336,30.694129943847656,-88.19538116455078,16.005775451660156,1.1779005527496338,-99.0,0.0,992.0,992.0,992.0,992.0
138.11758422851562,5.838879585266113,17.43577766418457,-106.17868041992188,30.69412612915039,-88.19539642333984,21.35189437866211,1.0360032320022583,-99.0,0.0,992.0,992.0,992.0,992.0
139.11805725097656,-14.55884075164795,19.3582820892334,-105.20711517333984,30.694124221801758,-88.19540405273438,24.68425178527832,1.1008983850479126,-99.0,0.0,992.0,992.0,992.0,992.0
140.11949157714844,8.189706802368164,26.339269638061523,-97.2478256225586,30.694124221801758,-88.1954116821289,24.537796020507812,0.7042896151542664,-99.0,0.0,992.0,992.0,992.0,992.0
141.11978149414062,7.366323471069336,25.575963973999023,-110.20166015625,30.694122314453125,-88.1954116821289,28.863662719726562,0.41771945357322693,-99.0,0.0,992.0,992.0,992.0,992.0
142.12051391601562,-6.619419097900391,32.290618896484375,-118.92573547363281,30.694120407104492,-88.19541931152344,25.768997192382812,0.22967424988746643,-99.0,0.0,992.0,992.0,992.0,992.0
143.12115478515625,-5.700075149536133,33.57950973510742,170.4277801513672,30.694080352783203,-88.1954116821289,25.813753128051758,4.718213081359863,-99.0,0.0,992.0,992.0,992.0,992.0
144.1222381591797,5.167992115020752,32.39567565917969,-157.5579071044922,30.69403839111328,-88.19542694091797,29.643577575683594,4.938089847564697,-99.0,0.0,992.0,992.0,992.0,992.0
145.12353515625,-0.3154680132865906,32.096168518066406,-120.41490936279297,30.694011688232422,-88.19548034667969,30.200695037841797,5.6787109375,-99.0,0.0,992.0,992.0,992.0,992.0
146.1238250732422,-1.044884204864502,28.354400634765625,-139.24844360351562,30.694000244140625,-88.19549560546875,30.4454288482666,1.8311742544174194,-99.0,0.0,992.0,992.0,992.0,992.0
147.1239013671875,10.259404182434082,25.902484893798828,-95.64757537841797,30.69399642944336,-88.1955337524414,29.850139617919922,3.8380439281463623,-99.0,0.0,992.0,992.0,992.0,992.0
148.12432861328125,11.251273155212402,25.313074111938477,-56.935546875,30.694032669067383,-88.19559478759766,29.805875778198242,7.494570255279541,-99.0,0.0,992.0,992.0,992.0,992.0
149.1256866455078,9.681918144226074,21.206640243530273,-57.56560134887695,30.694067001342773,-88.1956558227539,28.66118812561035,6.792747974395752,-99.0,0.0,992.0,992.0,992.0,992.0
150.12576293945312,-5.78002405166626,23.189777374267578,-89.48458099365234,30.694067001342773,-88.19569396972656,26.66668128967285,3.700742721557617,-99.0,0.0,992.0,992.0,992.0,992.0
151.1271209716797,2.363788604736328,23.873380661010742,-132.535888671875,30.694028854370117,-88.19573974609375,24.26980972290039,6.081082820892334,-99.0,0.0,992.0,992.0,992.0,992.0
152.12811279296875,-11.335859298706055,23.229290008544922,-130.0780029296875,30.69399642944336,-88.19578552246094,26.0268497467041,5.636112213134766,-99.0,0.0,992.0,992.0,992.0,992.0
153.12863159179688,-24.322385787963867,77.57180786132812,-118.50874328613281,30.6939754486084,-88.19583129882812,27.83302116394043,4.767940044403076,-99.0,0.0,992.0,992.0,992.0,992.0
154.12893676757812,-44.54911422729492,-10.643351554870605,-118.50874328613281,30.6939754486084,-88.19583129882812,36.648136138916016,4.767940044403076,-99.0,0.0,992.0,992.0,992.0,992.0
155.1297607421875,-35.34070587158203,21.7160701751709,-98.27510833740234,30.693965911865234,-88.19590759277344,32.193336486816406,3.704375743865967,-99.0,0.0,992.0,992.0,992.0,992.0
156.1309814453125,-20.974193572998047,20.835268020629883,-98.12460327148438,30.693954467773438,-88.19600677490234,33.79545974731445,9.741673469543457,-99.0,0.0,992.0,992.0,992.0,992.0
157.13124084472656,-6.242936134338379,-19.332239151000977,-94.29905700683594,30.693946838378906,-88.19613647460938,36.433799743652344,11.844330787658691,-99.0,0.0,992.0,992.0,992.0,992.0
158.1327362060547,-15.072104454040527,32.11920928955078,-62.139198303222656,30.694011688232422,-88.19627380371094,32.138885498046875,15.570469856262207,-99.0,0.0,992.0,992.0,992.0,992.0
159.13417053222656,-1.0534743070602417,29.818323135375977,-41.91044998168945,30.694133758544922,-88.19640350341797,33.504329681396484,18.26399040222168,-99.0,0.0,992.0,992.0,992.0,992.0
160.13491821289062,19.657733917236328,22.958826065063477,-21.709720611572266,30.69430160522461,-88.19647979736328,38.7535285949707,19.98100471496582,-99.0,0.0,992.0,992.0,992.0,992.0
161.13528442382812,-33.715782165527344,-1.8100274801254272,-1.2703931331634521,30.69449234008789,-88.19648742675781,40.90314865112305,21.146638870239258,-99.0,0.0,992.0,992.0,992.0,992.0
162.13671875,-2.5048892498016357,0.7064912915229797,22.70521354675293,30.69466781616211,-88.19640350341797,35.52254867553711,21.276588439941406,-99.0,0.0,992.0,992.0,992.0,992.0
163.1371612548828,0.12084905058145523,10.08305549621582,57.69580078125,30.694835662841797,-88.19609069824219,30.50139808654785,34.819679260253906,-99.0,0.0,992.0,992.0,992.0,992.0
164.13766479492188,4.904278755187988,19.135356903076172,110.84039306640625,30.694795608520508,-88.19596862792969,29.761104583740234,12.862726211547852,-99.0,0.0,992.0,992.0,992.0,992.0
165.13821411132812,0.10695859044790268,13.941911697387695,161.890869140625,30.694692611694336,-88.19593048095703,33.41831588745117,11.977351188659668,-99.0,0.0,992.0,992.0,992.0,992.0
166.1383819580078,-1.0221049785614014,9.31439208984375,-164.2616424560547,30.694576263427734,-88.19596862792969,37.7076530456543,13.44232177734375,-99.0,0.0,992.0,992.0,992.0,992.0
167.13870239257812,2.5390589237213135,16.48853874206543,-131.9739532470703,30.694496154785156,-88.1960678100586,38.83653259277344,13.173501014709473,-99.0,0.0,992.0,992.0,992.0,992.0
168.13980102539062,-6.250692367553711,17.43349266052246,-100.76799011230469,30.694477081298828,-88.1961898803711,40.35666275024414,11.653517723083496,-99.0,0.0,992.0,992.0,992.0,992.0
169.1404266357422,4.7423624992370605,17.790407180786133,-99.92271423339844,30.694469451904297,-88.19623565673828,40.35666275024414,4.573402404785156,-99.0,0.0,992.0,992.0,992.0,992.0
170.14144897460938,2.6100850105285645,20.585695266723633,-36.21392059326172,30.694494247436523,-88.19625854492188,39.78627014160156,3.207019567489624,-99.0,0.0,992.0,992.0,992.0,992.0
171.1416778564453,5.229098320007324,22.039567947387695,-135.32949829101562,30.6944580078125,-88.19629669189453,37.222938537597656,5.6193084716796875,-99.0,0.0,992.0,992.0,992.0,992.0
172.14205932617188,14.031559944152832,22.213396072387695,-136.15167236328125,30.694414138793945,-88.19634246826172,35.7414436340332,6.57778263092041,-99.0,0.0,992.0,992.0,992.0,992.0
173.14215087890625,4.341358184814453,18.960304260253906,-154.9789276123047,30.69435691833496,-88.19637298583984,37.518245697021484,7.060702800750732,-99.0,0.0,992.0,992.0,992.0,992.0
174.1431427001953,0.4866364896297455,16.470705032348633,128.13330078125,30.694334030151367,-88.19634246826172,38.33903503417969,4.138548851013184,-99.0,0.0,992.0,992.0,992.0,992.0
175.14337158203125,-3.9427270889282227,11.958227157592773,145.740966796875,30.694316864013672,-88.19632720947266,38.78815460205078,2.243028402328491,-99.0,0.0,992.0,992.0,992.0,992.0
176.14364624023438,-2.741847276687622,10.153338432312012,-168.14561462402344,30.694286346435547,-88.19633483886719,37.62618637084961,3.541684865951538,-99.0,0.0,992.0,992.0,992.0,992.0
177.14439392089844,-9.860870361328125,12.471137046813965,162.43641662597656,30.6942138671875,-88.1963119506836,37.400630950927734,8.34293270111084,-99.0,0.0,992.0,992.0,992.0,992.0
178.14495849609375,-0.1922345757484436,10.018580436706543,162.19680786132812,30.69411277770996,-88.19627380371094,38.17354965209961,11.860428810119629,-99.0,0.0,992.0,992.0,992.0,992.0
179.14520263671875,38.111778259277344,1.508384346961975,176.62803649902344,30.694019317626953,-88.1962661743164,37.00706481933594,10.41299057006836,-99.0,0.0,992.0,992.0,992.0,992.0
180.14590454101562,1.1013340950012207,11.138641357421875,-153.43817138671875,30.693958282470703,-88.19630432128906,32.48595428466797,7.5142292976379395,-99.0,0.0,992.0,992.0,992.0,992.0
181.1462860107422,-21.79192543029785,17.497798919677734,-114.86749267578125,30.693931579589844,-88.19636535644531,24.111156463623047,6.971139907836914,-99.0,0.0,992.0,992.0,992.0,992.0
182.14691162109375,-16.975330352783203,13.521202087402344,-79.07650756835938,30.693946838378906,-88.19645690917969,20.47195053100586,8.96835994720459,-99.0,0.0,992.0,992.0,992.0,992.0
183.1480255126953,-31.579538345336914,7.41262149810791,-50.93319320678711,30.69402503967285,-88.19657135009766,19.343029022216797,13.656074523925781,-99.0,0.0,992.0,992.0,992.0,992.0
184.1491241455078,-18.010766983032227,13.088671684265137,-33.750247955322266,30.69416618347168,-88.1966781616211,15.830988883972168,18.90283203125,-99.0,0.0,992.0,992.0,992.0,992.0
185.15037536621094,-15.434944152832031,5.573688983917236,-16.80101203918457,30.69435691833496,-88.19674682617188,17.791406631469727,21.97201919555664,-99.0,0.0,992.0,992.0,992.0,992.0
186.15150451660156,-8.349973678588867,-6.462893009185791,3.5116255283355713,30.694557189941406,-88.19673156738281,17.326929092407227,22.326932907104492,-99.0,0.0,992.0,992.0,992.0,992.0
187.1528778076172,14.453624725341797,-2.477367401123047,21.97933578491211,30.69473648071289,-88.19664764404297,13.85163688659668,21.38934898376465,-99.0,0.0,992.0,992.0,992.0,992.0
188.15342712402344,6.173434734344482,-16.998979568481445,37.59501266479492,30.69487190246582,-88.19652557373047,11.561829566955566,19.074811935424805,-99.0,0.0,992.0,992.0,992.0,992.0
189.1546173095703,1.9452571868896484,-21.01154327392578,53.80229949951172,30.694961547851562,-88.19638061523438,8.751052856445312,16.887147903442383,-99.0,0.0,992.0,992.0,992.0,992.0
190.1546630859375,7.55712366104126,-15.717232704162598,67.87468719482422,30.69501304626465,-88.19623565673828,4.791354179382324,14.969947814941406,-99.0,0.0,992.0,992.0,992.0,992.0
191.1550750732422,6.849335670471191,-7.242640972137451,80.19486999511719,30.69503402709961,-88.19609832763672,0.0366288386285305,13.9629545211792,-99.0,0.0,992.0,992.0,992.0,992.0
192.15533447265625,10.457268714904785,-13.737218856811523,90.42230987548828,30.69503402709961,-88.19595336914062,-0.46104565262794495,13.562898635864258,-99.0,0.0,992.0,992.0,992.0,992.0
193.15695190429688,0.42441684007644653,6.230416774749756,99.811279296875,30.69501304626465,-88.1958236694336,-2.4190449714660645,12.843024253845215,-99.0,0.0,992.0,992.0,992.0,992.0
194.1572265625,-1.0225297212600708,-3.810072183609009,147.31600952148438,30.6949405670166,-88.19576263427734,-3.3355257511138916,9.701313972473145,-99.0,0.0,992.0,992.0,992.0,992.0
195.15829467773438,-2.103240489959717,-4.670618057250977,-143.28118896484375,30.69485855102539,-88.19583892822266,-3.0433967113494873,11.239509582519531,-99.0,0.0,992.0,992.0,992.0,992.0
196.1584930419922,-8.356315612792969,-6.949836254119873,-135.2584686279297,30.694787979125977,-88.19591522216797,-2.967827320098877,11.14250659942627,-99.0,0.0,992.0,992.0,992.0,992.0
197.15940856933594,-8.330368995666504,-6.050309181213379,-132.76861572265625,30.694717407226562,-88.19600677490234,-2.7811837196350098,11.567266464233398,-99.0,0.0,992.0,992.0,992.0,992.0
199.1620330810547,-4.5442070960998535,0.9676735997200012,-145.1344757080078,30.694625854492188,-88.19608306884766,-2.8532042503356934,12.3670072555542,-99.0,0.0,992.0,992.0,992.0,992.0
200.1634063720703,-2.215325355529785,4.4778923988342285,173.12596130371094,30.69441795349121,-88.19610595703125,-2.888199806213379,11.34286117553711,-99.0,0.0,992.0,992.0,992.0,992.0
201.16346740722656,-1.9769861698150635,4.794274806976318,162.94882202148438,30.694316864013672,-88.1960678100586,-3.306110382080078,11.641786575317383,-99.0,0.0,992.0,992.0,992.0,992.0
202.16400146484375,-1.855149507522583,4.946834564208984,154.81195068359375,30.694210052490234,-88.19601440429688,-3.330454111099243,13.273431777954102,-99.0,0.0,992.0,992.0,992.0,992.0
203.1649932861328,-1.8171005249023438,5.009247303009033,159.1488037109375,30.694089889526367,-88.19596099853516,-3.3015458583831787,14.142437934875488,-99.0,0.0,992.0,992.0,992.0,992.0
205.16671752929688,-1.7943847179412842,5.037089824676514,164.2045135498047,30.693984985351562,-88.1959228515625,-2.6163461208343506,12.194206237792969,-99.0,0.0,992.0,992.0,992.0,992.0
206.16812133789062,-1.7320958375930786,5.044851303100586,163.49169921875,30.693777084350586,-88.19586181640625,-3.201127052307129,11.641875267028809,-99.0,0.0,992.0,992.0,992.0,992.0
207.16859436035156,-1.7051734924316406,5.029037952423096,165.68997192382812,30.693668365478516,-88.19583129882812,-3.0271670818328857,12.379332542419434,-99.0,0.0,992.0,992.0,992.0,992.0
208.1690216064453,-1.6736974716186523,5.010132789611816,172.76760864257812,30.693572998046875,-88.19581604003906,-3.3492190837860107,10.87114429473877,-99.0,0.0,992.0,992.0,992.0,992.0
210.16993713378906,-1.6648073196411133,5.045357704162598,169.41188049316406,30.693496704101562,-88.19580078125,-2.739086866378784,8.542533874511719,-99.0,0.0,992.0,992.0,992.0,992.0
213.17074584960938,-1.6380480527877808,5.037225246429443,179.63697814941406,30.693431854248047,-88.19579315185547,-2.7436516284942627,1.510640025138855,-99.0,0.0,992.0,992.0,992.0,992.0
214.17218017578125,-1.5737773180007935,5.067882061004639,47.179893493652344,30.693445205688477,-88.19577026367188,-2.9211666584014893,1.7485604286193848,-99.0,0.0,992.0,992.0,992.0,992.0
215.17221069335938,-1.5774283409118652,5.056663513183594,52.922760009765625,30.693450927734375,-88.19576263427734,-2.897329092025757,1.0306682586669922,-99.0,0.0,992.0,992.0,992.0,992.0
217.1740264892578,-1.5219547748565674,5.07356595993042,37.385311126708984,30.693456649780273,-88.19576263427734,-2.9455113410949707,0.7411779761314392,-99.0,0.0,992.0,992.0,992.0,992.0
218.17404174804688,-1.5173145532608032,5.070769786834717,91.14624786376953,30.69346046447754,-88.19575500488281,-2.9444971084594727,0.5552802681922913,-99.0,0.0,992.0,992.0,992.0,992.0
219.17544555664062,-1.5245277881622314,5.066555976867676,88.41727447509766,30.69346046447754,-88.19574737548828,-2.559540033340454,0.40230751037597656,-99.0,0.0,992.0,992.0,992.0,992.0
220.17709350585938,-1.5161964893341064,5.080301284790039,86.20604705810547,30.69346046447754,-88.19574737548828,-2.9419610500335693,0.33539870381355286,-99.0,0.0,992.0,992.0,992.0,992.0
222.17864990234375,-1.4833025932312012,5.070127964019775,57.18938446044922,30.69346046447754,-88.19573974609375,-2.9353678226470947,0.20473253726959229,-99.0,0.0,992.0,992.0,992.0,992.0
223.17950439453125,-1.4525628089904785,5.079188346862793,93.32084655761719,30.69346046447754,-88.19573974609375,-3.178304433822632,0.1916251927614212,-99.0,0.0,992.0,992.0,992.0,992.0
224.18064880371094,-1.4873415231704712,5.0308918952941895,81.74615478515625,30.69346046447754,-88.19573974609375,-3.15751051902771,0.0773511752486229,-99.0,0.0,992.0,992.0,992.0,992.0
225.18087768554688,-1.3802735805511475,5.071141242980957,57.18938446044922,30.693462371826172,-88.19573974609375,-3.2523510456085205,0.10241775959730148,-99.0,0.0,992.0,992.0,992.0,992.0
226.18211364746094,-1.2922443151474,5.0923380851745605,4.479210376739502,30.693462371826172,-88.19573974609375,-2.775097370147705,0.12257841974496841,-99.0,0.0,992.0,992.0,992.0,992.0
227.1833953857422,-1.3266586065292358,5.081568717956543,-16.025880813598633,30.693464279174805,-88.19573974609375,-2.9840569496154785,0.17320550978183746,-99.0,0.0,992.0,992.0,992.0,992.0
228.18392944335938,-1.3342915773391724,5.086085796356201,-27.339946746826172,30.693464279174805,-88.19573974609375,-3.147367238998413,0.062466565519571304,-99.0,0.0,992.0,992.0,992.0,992.0
230.18524169921875,-1.365595817565918,5.0519633293151855,68.85198974609375,30.693464279174805,-88.19573974609375,-2.9130518436431885,0.030783623456954956,-99.0,0.0,992.0,992.0,992.0,992.0
231.18601989746094,-1.3151423931121826,5.091700077056885,0.0,30.693464279174805,-88.19573974609375,-3.104257583618164,0.005552356597036123,-99.0,0.0,992.0,992.0,992.0,992.0
233.1876220703125,-1.3091150522232056,5.100714206695557,163.97412109375,30.693464279174805,-88.19573974609375,-3.0682482719421387,0.03465694934129715,-99.0,0.0,992.0,992.0,992.0,992.0
234.18931579589844,-1.3170543909072876,5.062191963195801,-38.073951721191406,30.693466186523438,-88.19573974609375,-3.1108508110046387,0.1551174819469452,-99.0,0.0,992.0,992.0,992.0,992.0
236.19178771972656,-1.3144325017929077,5.083587169647217,-37.45060348510742,30.693466186523438,-88.19573974609375,-2.839510202407837,0.1257610321044922,-99.0,0.0,992.0,992.0,992.0,992.0
237.19351196289062,-1.310068130493164,5.084070682525635,-17.39820098876953,30.69346809387207,-88.19573974609375,-3.061655044555664,0.12796923518180847,-99.0,0.0,992.0,992.0,992.0,992.0
238.19461059570312,-1.317685842514038,5.081311225891113,-8.646454811096191,30.693470001220703,-88.19573974609375,-3.0276741981506348,0.1907467097043991,-99.0,0.0,992.0,992.0,992.0,992.0
239.19557189941406,-1.315785527229309,5.1028313636779785,20.955791473388672,30.693471908569336,-88.19573974609375,-3.0149948596954346,0.10697385668754578,-99.0,0.0,992.0,992.0,992.0,992.0
241.19656372070312,-1.3074828386306763,5.112325668334961,0.0,30.693471908569336,-88.19573974609375,-3.3558120727539062,0.13321593403816223,-99.0,0.0,992.0,992.0,992.0,992.0
242.197265625,-1.2861558198928833,5.090140342712402,-3.0827677249908447,30.6934757232666,-88.19573974609375,-3.725018262863159,0.17794647812843323,-99.0,0.0,992.0,992.0,992.0,992.0
243.19818115234375,-1.3018662929534912,5.083791732788086,6.147789478302002,30.693477630615234,-88.19573974609375,-3.1539604663848877,0.1786949783563614,-99.0,0.0,992.0,992.0,992.0,992.0
244.19955444335938,-1.291520595550537,5.095056533813477,-2.056281089782715,30.693479537963867,-88.19573974609375,-2.683803081512451,0.26661574840545654,-99.0,0.0,992.0,992.0,992.0,992.0
245.2003936767578,-1.2997148036956787,5.110431671142578,10.461860656738281,30.6934814453125,-88.19573974609375,-3.351754903793335,0.15798093378543854,-99.0,0.0,992.0,992.0,992.0,992.0
246.20123291015625,-1.2875568866729736,5.095809459686279,4.107278347015381,30.6934814453125,-88.19573974609375,-3.2979958057403564,0.13357524573802948,-99.0,0.0,992.0,992.0,992.0,992.0
247.20230102539062,-1.287358045578003,5.093277454376221,0.0,30.693483352661133,-88.19573974609375,-2.8166868686676025,0.09992413967847824,-99.0,0.0,992.0,992.0,992.0,992.0
249.20590209960938,-1.295554518699646,5.086221694946289,-16.025880813598633,30.693483352661133,-88.19573974609375,-3.7265398502349854,0.06929381936788559,-99.0,0.0,992.0,992.0,992.0,992.0
250.2071533203125,-1.2826262712478638,5.120859622955322,-48.96467971801758,30.693483352661133,-88.19573974609375,-3.0038368701934814,0.050708409398794174,-99.0,0.0,992.0,992.0,992.0,992.0
251.20814514160156,-1.3121082782745361,5.079696178436279,-59.87570571899414,30.693485260009766,-88.19573974609375,-3.386749029159546,0.044226378202438354,-99.0,0.0,992.0,992.0,992.0,992.0
252.20944213867188,-1.2892589569091797,5.085672378540039,-90.00000762939453,30.693485260009766,-88.19573974609375,-3.1174440383911133,0.028697261586785316,-99.0,0.0,992.0,992.0,992.0,992.0
253.2108612060547,-1.284968614578247,5.098462104797363,-76.93309783935547,30.693485260009766,-88.19573974609375,-2.7335078716278076,0.04908517003059387,-99.0,0.0,992.0,992.0,992.0,992.0
254.2115478515625,-1.2550251483917236,5.117133617401123,-76.93309783935547,30.693485260009766,-88.19573974609375,-2.7335078716278076,0.04907918721437454,-99.0,0.0,992.0,992.0,992.0,992.0
255.21299743652344,-1.2579903602600098,5.111147880554199,-100.94673156738281,30.693485260009766,-88.19574737548828,-2.8466107845306396,0.0584760457277298,-99.0,0.0,992.0,992.0,992.0,992.0
257.2146301269531,-1.2697008848190308,5.148605823516846,-134.04115295410156,30.693483352661133,-88.19574737548828,-3.1519317626953125,0.07980667054653168,-99.0,0.0,992.0,992.0,992.0,992.0
258.2161560058594,-1.2689895629882812,5.136611461639404,-156.69114685058594,30.6934814453125,-88.19574737548828,-3.069769859313965,0.09671039879322052,-99.0,0.0,992.0,992.0,992.0,992.0
259.2162170410156,-1.269105076789856,5.139400482177734,-158.31185913085938,30.6934814453125,-88.19574737548828,-3.1950411796569824,0.15522441267967224,-99.0,0.0,992.0,992.0,992.0,992.0
260.2176818847656,-1.2670179605484009,5.136648654937744,-158.31185913085938,30.6934814453125,-88.19574737548828,-2.8440747261047363,0.15522441267967224,-99.0,0.0,992.0,992.0,992.0,992.0
262.21923828125,-1.294209599494934,5.107227325439453,-160.2497100830078,30.693479537963867,-88.19574737548828,-3.0322389602661133,0.07078516483306885,-99.0,0.0,992.0,992.0,992.0,992.0
263.2196044921875,-1.2489869594573975,5.124730587005615,-167.8428192138672,30.6934757232666,-88.19574737548828,-3.091578245162964,0.18172653019428253,-99.0,0.0,992.0,992.0,992.0,992.0
264.2209777832031,-1.24251127243042,5.1351165771484375,-175.5207977294922,30.6934757232666,-88.19574737548828,-2.4053502082824707,0.12256158888339996,-99.0,0.0,992.0,992.0,992.0,992.0
265.2215270996094,-1.2387820482254028,5.144171237945557,-175.5207977294922,30.6934757232666,-88.19574737548828,-2.755824089050293,0.12256158888339996,-99.0,0.0,992.0,992.0,992.0,992.0
266.2227478027344,-1.2339627742767334,5.138385772705078,174.53089904785156,30.69347381591797,-88.19574737548828,-2.6959755420684814,0.050184428691864014,-99.0,0.0,992.0,992.0,992.0,992.0
267.223876953125,-1.2409038543701172,5.144723415374756,169.15968322753906,30.69347381591797,-88.19574737548828,-3.281766414642334,0.10170090198516846,-99.0,0.0,992.0,992.0,992.0,992.0
268.22515869140625,-1.2346965074539185,5.157646179199219,156.69113159179688,30.69347381591797,-88.19574737548828,-2.9135589599609375,0.024171702563762665,-99.0,0.0,992.0,992.0,992.0,992.0
269.2260437011719,-1.2268184423446655,5.163654804229736,0.0,30.69347381591797,-88.19574737548828,-3.170696973800659,0.011097775772213936,-99.0,0.0,992.0,992.0,992.0,992.0
270.2265319824219,-1.2271260023117065,5.180233955383301,-29.876014709472656,30.69347381591797,-88.19574737548828,-2.7532882690429688,0.038411159068346024,-99.0,0.0,992.0,992.0,992.0,992.0
271.227783203125,-1.2030330896377563,5.183064937591553,12.157191276550293,30.69347381591797,-88.19574737548828,-3.4415218830108643,0.04544549062848091,-99.0,0.0,992.0,992.0,992.0,992.0
272.2279052734375,-1.1968135833740234,5.1774702072143555,90.0,30.69347381591797,-88.19574737548828,-3.1717114448547363,0.009563276544213295,-99.0,0.0,992.0,992.0,992.0,992.0
274.2298889160156,-1.1923986673355103,5.177512168884277,68.85198211669922,30.69347381591797,-88.19574737548828,-3.052525758743286,0.03079630248248577,-99.0,0.0,992.0,992.0,992.0,992.0
275.2308349609375,-1.1878212690353394,5.158853054046631,-19.018108367919922,30.6934757232666,-88.19574737548828,-3.235614538192749,0.058688998222351074,-99.0,0.0,992.0,992.0,992.0,992.0
276.2322998046875,-1.1760125160217285,5.170262336730957,0.0,30.6934757232666,-88.19574737548828,-3.233585834503174,0.0666089877486229,-99.0,0.0,992.0,992.0,992.0,992.0
277.23236083984375,-1.1706994771957397,5.164262771606445,68.85198974609375,30.6934757232666,-88.19574737548828,-3.082449197769165,0.06151002272963524,-99.0,0.0,992.0,992.0,992.0,992.0
278.2331237792969,-1.206656575202942,5.171178817749023,52.27224349975586,30.6934757232666,-88.19574737548828,-3.1646108627319336,0.07263366878032684,-99.0,0.0,992.0,992.0,992.0,992.0
279.2349548339844,-1.3017836809158325,4.991392612457275,68.85198974609375,30.6934757232666,-88.19574737548828,-2.85878324508667,0.061553165316581726,-99.0,0.0,992.0,992.0,992.0,992.0
280.236328125,-1.1687641143798828,4.7572479248046875,90.0,30.6934757232666,-88.19574737548828,-2.9531190395355225,0.06690418720245361,-99.0,0.0,992.0,992.0,992.0,992.0
281.2367858886719,-1.0109214782714844,5.012805938720703,90.0,30.6934757232666,-88.19573974609375,-2.85066819190979,0.09562110155820847,-99.0,0.0,992.0,992.0,992.0,992.0
282.2373046875,-1.063796043395996,5.102763652801514,81.74615478515625,30.6934757232666,-88.19573974609375,-3.114908218383789,0.07736828178167343,-99.0,0.0,992.0,992.0,992.0,992.0
283.23779296875,-1.11948823928833,5.156375408172607,68.85198974609375,30.6934757232666,-88.19573974609375,-2.9231953620910645,0.061568181961774826,-99.0,0.0,992.0,992.0,992.0,992.0
286.2388000488281,-1.1450097560882568,5.184056758880615,75.53922271728516,30.693477630615234,-88.19573974609375,-3.0023155212402344,0.08895326405763626,-99.0,0.0,992.0,992.0,992.0,992.0
288.23956298828125,-1.1498855352401733,5.1566619873046875,81.74615478515625,30.693477630615234,-88.19573974609375,-3.41210675239563,0.07736356556415558,-99.0,0.0,992.0,992.0,992.0,992.0
289.2401123046875,-1.1512585878372192,5.192478656768799,103.06690979003906,30.693477630615234,-88.19573974609375,-2.929788827896118,0.04912634566426277,-99.0,0.0,992.0,992.0,992.0,992.0
290.240966796875,-1.1399720907211304,5.1706767082214355,120.12429809570312,30.693477630615234,-88.19573974609375,-3.2310500144958496,0.06638610363006592,-99.0,0.0,992.0,992.0,992.0,992.0
291.2412109375,-11.886194229125977,-16.061954498291016,139.24842834472656,30.6934757232666,-88.19573974609375,-2.2034800052642822,0.08793522417545319,-99.0,0.0,992.0,992.0,992.0,992.0
292.2421569824219,18.222806930541992,-12.066764831542969,152.66004943847656,30.6934757232666,-88.19573974609375,-2.1573233604431152,0.1250627338886261,-99.0,0.0,992.0,992.0,992.0,992.0
293.243408203125,16.037609100341797,6.36497163772583,152.06394958496094,30.69347381591797,-88.19573211669922,-1.7860324382781982,0.16335506737232208,-99.0,0.0,992.0,992.0,992.0,992.0
294.2440490722656,16.67568588256836,3.0001790523529053,155.10899353027344,30.693471908569336,-88.19573211669922,-3.282273769378662,0.15904958546161652,-99.0,0.0,992.0,992.0,992.0,992.0
295.24462890625,14.24807071685791,3.330397367477417,152.66004943847656,30.693471908569336,-88.19573211669922,-2.0411696434020996,0.12501314282417297,-99.0,0.0,992.0,992.0,992.0,992.0
296.245361328125,11.667288780212402,-0.733985185623169,146.1694793701172,30.693470001220703,-88.19573211669922,-1.63436758518219,0.12032199651002884,-99.0,0.0,992.0,992.0,992.0,992.0
297.2463684082031,18.76702117919922,-10.946435928344727,147.1263427734375,30.693470001220703,-88.19573211669922,-1.63436758518219,0.10576755553483963,-99.0,0.0,992.0,992.0,992.0,992.0
298.24737548828125,15.048752784729004,1.3183518648147583,120.12429809570312,30.693470001220703,-88.19573211669922,-1.8961023092269897,0.0442371629178524,-99.0,0.0,992.0,992.0,992.0,992.0
299.24859619140625,13.802067756652832,-4.961556911468506,68.85198974609375,30.693470001220703,-88.19573211669922,-1.7028453350067139,0.030769076198339462,-99.0,0.0,992.0,992.0,992.0,992.0
300.2501220703125,12.560206413269043,-14.636629104614258,52.27224349975586,30.693470001220703,-88.19573211669922,-1.9518976211547852,0.03627476841211319,-99.0,0.0,992.0,992.0,992.0,992.0
301.25115966796875,55.02650451660156,10.488361358642578,23.308860778808594,30.693470001220703,-88.19573211669922,-1.9265360832214355,0.024162128567695618,-99.0,0.0,992.0,992.0,992.0,992.0
302.2514953613281,42.146270751953125,-0.5668802261352539,29.876012802124023,30.693470001220703,-88.19573211669922,-1.8255969285964966,0.03840530663728714,-99.0,0.0,992.0,992.0,992.0,992.0
303.2523193359375,32.17551803588867,7.506504535675049,90.0,30.693470001220703,-88.19573211669922,-1.8301620483398438,0.028716085478663445,-99.0,0.0,992.0,992.0,992.0,992.0
304.2525939941406,28.820358276367188,7.909144878387451,52.27224349975586,30.693470001220703,-88.19573211669922,-1.6196575164794922,0.03628915175795555,-99.0,0.0,992.0,992.0,992.0,992.0
305.25341796875,24.814739227294922,4.8215460777282715,-29.876014709472656,30.693471908569336,-88.19573211669922,-1.5968314409255981,0.038434598594903946,-99.0,0.0,992.0,992.0,992.0,992.0
306.2541198730469,20.92254638671875,5.84861421585083,-16.025882720947266,30.693471908569336,-88.19573211669922,-1.8732768297195435,0.034655362367630005,-99.0,0.0,992.0,992.0,992.0,992.0
307.2553405761719,20.07394790649414,0.7711194753646851,-163.97413635253906,30.693470001220703,-88.19573211669922,-1.866175651550293,0.10397876799106598,-99.0,0.0,992.0,992.0,992.0,992.0
308.2554626464844,23.970788955688477,-7.879040718078613,59.875701904296875,30.693471908569336,-88.19573211669922,-2.187249183654785,0.1105693131685257,-99.0,0.0,992.0,992.0,992.0,992.0
309.25677490234375,14.700761795043945,-15.012211799621582,65.09940338134766,30.693471908569336,-88.19573211669922,-1.415743112564087,0.10555297136306763,-99.0,0.0,992.0,992.0,992.0,992.0
310.2572326660156,17.723987579345703,-10.28136920928955,66.85086822509766,30.693471908569336,-88.19572448730469,-1.9863890409469604,0.1976010650396347,-99.0,0.0,992.0,992.0,992.0,992.0
311.2586364746094,7.2549543380737305,-17.765644073486328,69.42117309570312,30.69347381591797,-88.19572448730469,-1.794148325920105,0.3475891053676605,-99.0,0.0,992.0,992.0,992.0,992.0
312.25885009765625,4.4326043128967285,-31.510833740234375,64.1944351196289,30.6934757232666,-88.19571685791016,-2.0193588733673096,0.5098070502281189,-99.0,0.0,992.0,992.0,992.0,992.0
313.2599792480469,6.876391887664795,-28.709209442138672,38.739200592041016,30.6934814453125,-88.19571685791016,-2.124861240386963,0.826097846031189,-99.0,0.0,992.0,992.0,992.0,992.0
314.2610168457031,8.311105728149414,-24.417409896850586,20.18644905090332,30.69348907470703,-88.19570922851562,-2.255216121673584,0.8869406580924988,-99.0,0.0,992.0,992.0,992.0,992.0
315.26165771484375,7.231257915496826,-23.793819427490234,34.17326354980469,30.69349479675293,-88.19570922851562,-2.29477858543396,0.8855239152908325,-99.0,0.0,992.0,992.0,992.0,992.0
316.2616882324219,7.660340785980225,-26.24893569946289,64.63885498046875,30.693498611450195,-88.1957015991211,-2.102036237716675,0.7518672347068787,-99.0,0.0,992.0,992.0,992.0,992.0
317.2625427246094,3.756783962249756,-24.48751449584961,46.18880081176758,30.693510055541992,-88.19568634033203,-2.4190449714660645,1.990289330482483,-99.0,0.0,992.0,992.0,992.0,992.0
318.2639465332031,3.4014689922332764,-23.414897918701172,18.6113338470459,30.693519592285156,-88.1956787109375,-2.3312978744506836,1.0192183256149292,-99.0,0.0,992.0,992.0,992.0,992.0
319.2648010253906,-22.4202823638916,-24.849231719970703,28.00919532775879,30.693527221679688,-88.1956787109375,-2.2186965942382812,1.0180524587631226,-99.0,0.0,992.0,992.0,992.0,992.0
320.2663879394531,6.941211223602295,-10.486616134643555,24.551219940185547,30.69353485107422,-88.19567108154297,-1.9280577898025513,1.0131030082702637,-99.0,0.0,992.0,992.0,992.0,992.0
321.267333984375,22.893600463867188,13.002288818359375,31.548397064208984,30.693544387817383,-88.19566345214844,-1.7434245347976685,1.0414844751358032,-99.0,0.0,992.0,992.0,992.0,992.0
322.2681884765625,4.4670915603637695,-29.710729598999023,30.498598098754883,30.693552017211914,-88.1956558227539,-2.009214401245117,1.017845869064331,-99.0,0.0,992.0,992.0,992.0,992.0
323.26824951171875,5.515563488006592,-21.70368003845215,30.856090545654297,30.693559646606445,-88.1956558227539,-2.3688313961029053,0.9699813723564148,-99.0,0.0,992.0,992.0,992.0,992.0
324.2694091796875,4.5109758377075195,-24.53738784790039,30.052467346191406,30.693565368652344,-88.19564819335938,-2.072617530822754,0.8985928893089294,-99.0,0.0,992.0,992.0,992.0,992.0
325.2698059082031,1.861411690711975,-28.586105346679688,27.89369010925293,30.693572998046875,-88.19564819335938,-2.257244825363159,0.8790720701217651,-99.0,0.0,992.0,992.0,992.0,992.0
326.2712097167969,4.18597412109375,-21.447298049926758,31.04842758178711,30.693580627441406,-88.19564056396484,-2.2141315937042236,0.9464507102966309,-99.0,0.0,992.0,992.0,992.0,992.0
327.2727966308594,6.125196933746338,-9.032873153686523,32.64985656738281,30.693588256835938,-88.19563293457031,-2.2115955352783203,1.0279550552368164,-99.0,0.0,992.0,992.0,992.0,992.0
328.2727966308594,-8.519082069396973,-8.430229187011719,30.196372985839844,30.69359588623047,-88.19563293457031,-1.976244568824768,0.9883857369422913,-99.0,0.0,992.0,992.0,992.0,992.0
329.27313232421875,1.2256824970245361,-10.345065116882324,34.855079650878906,30.693603515625,-88.19562530517578,-1.8403066396713257,0.9885154962539673,-99.0,0.0,992.0,992.0,992.0,992.0
330.2735900878906,3.6578595638275146,-5.881603717803955,33.30685043334961,30.69361114501953,-88.19561767578125,-1.7824817895889282,1.0633209943771362,-99.0,0.0,992.0,992.0,992.0,992.0
331.2744140625,-3.4622857570648193,-4.512002468109131,28.00919532775879,30.693618774414062,-88.19561004638672,-1.7596561908721924,1.0190151929855347,-99.0,0.0,992.0,992.0,992.0,992.0
332.27496337890625,-5.006031036376953,-6.540533542633057,23.037912368774414,30.693626403808594,-88.19561004638672,-2.3150670528411865,0.929011881351471,-99.0,0.0,992.0,992.0,992.0,992.0
333.2762756347656,-8.14651107788086,-2.454986333847046,29.54932403564453,30.693634033203125,-88.19560241699219,-2.009214401245117,0.9702469706535339,-99.0,0.0,992.0,992.0,992.0,992.0
334.27783203125,0.6915258765220642,-4.208456993103027,42.33173370361328,30.693641662597656,-88.19559478759766,-1.7358158826828003,1.0508109331130981,-99.0,0.0,992.0,992.0,992.0,992.0
335.28265380859375,8.320891380310059,-9.993490219116211,42.64912033081055,30.693647384643555,-88.19558715820312,-1.7307435274124146,0.8748878240585327,-99.0,0.0,992.0,992.0,992.0,992.0
336.2838439941406,-2.2130537033081055,-8.328507423400879,33.3600959777832,30.69365692138672,-88.1955795288086,-1.714004635810852,1.178383231163025,-99.0,0.0,992.0,992.0,992.0,992.0
337.2843322753906,-3.7657110691070557,-10.836389541625977,47.93041229248047,30.693660736083984,-88.1955795288086,-1.8113943338394165,0.6957111358642578,-99.0,0.0,992.0,992.0,992.0,992.0
338.28448486328125,-9.063735961914062,-12.677574157714844,37.49793243408203,30.693668365478516,-88.19557189941406,-1.804800271987915,1.021937608718872,-99.0,0.0,992.0,992.0,992.0,992.0
339.2856140136719,-4.689966678619385,-7.6045098304748535,36.636756896972656,30.693674087524414,-88.19556427001953,-1.9351590871810913,1.0107390880584717,-99.0,0.0,992.0,992.0,992.0,992.0
340.2860412597656,-23.776348114013672,-2.451939344406128,30.694108963012695,30.693683624267578,-88.195556640625,-1.9351590871810913,1.16170072555542,-99.0,0.0,992.0,992.0,992.0,992.0
341.28668212890625,-5.554296493530273,-9.216940879821777,41.8957633972168,30.69369125366211,-88.19554901123047,-1.7490041255950928,1.0892963409423828,-99.0,0.0,992.0,992.0,992.0,992.0
342.28692626953125,-9.655521392822266,-19.393293380737305,45.22127914428711,30.693696975708008,-88.19554138183594,-2.1446428298950195,0.930175244808197,-99.0,0.0,992.0,992.0,992.0,992.0
343.2880554199219,-8.577707290649414,-13.282369613647461,45.22127914428711,30.693696975708008,-88.19554138183594,-2.3612232208251953,0.930175244808197,-99.0,0.0,992.0,992.0,992.0,992.0
344.28814697265625,-4.163580894470215,-24.618547439575195,36.38957214355469,30.69370460510254,-88.1955337524414,-1.9995770454406738,0.52418053150177,-99.0,0.0,992.0,992.0,992.0,992.0
345.2895812988281,-5.625957012176514,-25.953022003173828,28.702482223510742,30.693714141845703,-88.1955337524414,-1.922985553741455,1.2160797119140625,-99.0,0.0,992.0,992.0,992.0,992.0
346.2896728515625,-1.9372820854187012,-25.91055679321289,29.74559211730957,30.693723678588867,-88.19552612304688,-2.148193359375,1.214101791381836,-99.0,0.0,992.0,992.0,992.0,992.0
347.2909240722656,-3.846614122390747,-22.049283981323242,36.44966506958008,30.69373893737793,-88.19551086425781,-2.279055118560791,2.1272199153900146,-99.0,0.0,992.0,992.0,992.0,992.0
348.29107666015625,-6.491477966308594,-24.078018188476562,42.71483612060547,30.69374656677246,-88.19550323486328,-2.0249383449554443,1.0573387145996094,-99.0,0.0,992.0,992.0,992.0,992.0
349.2917175292969,-3.0230064392089844,-18.65822982788086,45.22127914428711,30.69375228881836,-88.19549560546875,-1.4081342220306396,0.9306293725967407,-99.0,0.0,992.0,992.0,992.0,992.0
350.293212890625,4.998146057128906,-23.594615936279297,34.74385070800781,30.69375991821289,-88.19548797607422,-2.0178372859954834,1.1081799268722534,-99.0,0.0,992.0,992.0,992.0,992.0
351.2933654785156,-4.506650924682617,-25.701555252075195,32.77347183227539,30.693769454956055,-88.19548797607422,-1.6505993604660034,1.148050308227539,-99.0,0.0,992.0,992.0,992.0,992.0
352.29443359375,-2.7973251342773438,-24.99320411682129,36.2802734375,30.693777084350586,-88.19548034667969,-1.7860324382781982,1.116361379623413,-99.0,0.0,992.0,992.0,992.0,992.0
353.2959289550781,0.12322653084993362,-25.222009658813477,36.9149055480957,30.693784713745117,-88.19547271728516,-1.9437819719314575,1.0829023122787476,-99.0,0.0,992.0,992.0,992.0,992.0
354.2973327636719,-6.005898475646973,-18.42033576965332,40.33839416503906,30.69379234313965,-88.19546508789062,-1.6247299909591675,1.0043928623199463,-99.0,0.0,992.0,992.0,992.0,992.0
355.2987060546875,5.533148765563965,-23.40353012084961,30.411100387573242,30.693798065185547,-88.1954574584961,-1.958491563796997,0.8878006935119629,-99.0,0.0,992.0,992.0,992.0,992.0
356.2998962402344,4.5339035987854,-24.011228561401367,45.825984954833984,30.693805694580078,-88.19544982910156,-2.568669557571411,1.1465572118759155,-99.0,0.0,992.0,992.0,992.0,992.0
357.3008117675781,2.9498653411865234,-25.043542861938477,33.65810775756836,30.693815231323242,-88.19544219970703,-2.5012118816375732,1.1734033823013306,-99.0,0.0,992.0,992.0,992.0,992.0
358.30108642578125,-23.431467056274414,-22.201383590698242,34.13228225708008,30.693822860717773,-88.1954345703125,-2.0929062366485596,1.0059117078781128,-99.0,0.0,992.0,992.0,992.0,992.0
359.3023986816406,-7.8397440910339355,-24.73061180114746,34.06943130493164,30.693830490112305,-88.1954345703125,-2.2136244773864746,1.0594520568847656,-99.0,0.0,992.0,992.0,992.0,992.0
360.3038024902344,-2.9907596111297607,-25.196407318115234,33.43541717529297,30.693838119506836,-88.19542694091797,-2.820744276046753,1.0239605903625488,-99.0,0.0,992.0,992.0,992.0,992.0
361.3042907714844,-0.7790874242782593,-22.66475486755371,29.015348434448242,30.693845748901367,-88.19541931152344,-2.472808599472046,1.1039451360702515,-99.0,0.0,992.0,992.0,992.0,992.0
362.3053894042969,-2.5267786979675293,-22.880348205566406,35.221073150634766,30.69385528564453,-88.1954116821289,-3.134687900543213,1.1284230947494507,-99.0,0.0,992.0,992.0,992.0,992.0
363.3054504394531,0.6377974152565002,-21.2904052734375,35.61101531982422,30.693862915039062,-88.19540405273438,-2.996736526489258,1.0512875318527222,-99.0,0.0,992.0,992.0,992.0,992.0
364.3067932128906,0.546850323677063,-21.805295944213867,25.335826873779297,30.693872451782227,-88.19540405273438,-2.5712056159973145,1.118735671043396,-99.0,0.0,992.0,992.0,992.0,992.0
365.3078918457031,5.578464031219482,-27.736671447753906,22.51854705810547,30.69388198852539,-88.19539642333984,-2.7056124210357666,1.2733806371688843,-99.0,0.0,992.0,992.0,992.0,992.0
366.30859375,-0.6556500196456909,-24.68310546875,18.83403205871582,30.693891525268555,-88.19539642333984,-3.365448236465454,1.1258625984191895,-99.0,0.0,992.0,992.0,992.0,992.0
367.30987548828125,1.1192991733551025,-23.203514099121094,25.357982635498047,30.693899154663086,-88.19538879394531,-3.0986785888671875,0.9830541014671326,-99.0,0.0,992.0,992.0,992.0,992.0
368.3111267089844,6.379664421081543,-28.053667068481445,29.115806579589844,30.69390869140625,-88.19538116455078,-2.9850714206695557,1.0416414737701416,-99.0,0.0,992.0,992.0,992.0,992.0
369.3111877441406,4.013341426849365,-24.45956802368164,33.87965393066406,30.69391632080078,-88.19538116455078,-2.565626382827759,1.0293232202529907,-99.0,0.0,992.0,992.0,992.0,992.0
370.312744140625,13.212968826293945,-32.88224792480469,28.188508987426758,30.693923950195312,-88.19537353515625,-2.533165693283081,1.0337307453155518,-99.0,0.0,992.0,992.0,992.0,992.0
371.3133544921875,14.659461975097656,-10.568395614624023,22.864391326904297,30.693933486938477,-88.19536590576172,-2.6949613094329834,1.1318365335464478,-99.0,0.0,992.0,992.0,992.0,992.0
372.3145446777344,14.758552551269531,-14.479360580444336,15.577736854553223,30.69394302368164,-88.19536590576172,-2.185220241546631,1.175927996635437,-99.0,0.0,992.0,992.0,992.0,992.0
373.3148193359375,10.337327003479004,-30.014219284057617,19.785688400268555,30.693954467773438,-88.19535827636719,-2.6234469413757324,1.2148964405059814,-99.0,0.0,992.0,992.0,992.0,992.0
374.31536865234375,13.458043098449707,-33.687583923339844,23.308862686157227,30.69396209716797,-88.19535827636719,-2.586421489715576,1.0402711629867554,-99.0,0.0,992.0,992.0,992.0,992.0
375.31658935546875,19.332223892211914,-21.74445152282715,27.7711181640625,30.6939697265625,-88.19535064697266,-2.4190449714660645,0.9037187099456787,-99.0,0.0,992.0,992.0,992.0,992.0
376.3171081542969,9.96290397644043,-26.434736251831055,25.094480514526367,30.693979263305664,-88.19534301757812,-2.524543285369873,1.1274808645248413,-99.0,0.0,992.0,992.0,992.0,992.0
377.317138671875,8.412236213684082,-33.768917083740234,25.094480514526367,30.693979263305664,-88.19534301757812,-2.491575002670288,1.1274808645248413,-99.0,0.0,992.0,992.0,992.0,992.0
378.31787109375,12.247252464294434,-37.5893669128418,17.788671493530273,30.693998336791992,-88.19534301757812,-2.124861240386963,1.0966733694076538,-99.0,0.0,992.0,992.0,992.0,992.0
379.3192443847656,8.9559965133667,-36.76191329956055,30.81875991821289,30.694005966186523,-88.1953353881836,-2.1831915378570557,1.1765965223312378,-99.0,0.0,992.0,992.0,992.0,992.0
380.3204040527344,8.764496803283691,-34.97163772583008,30.81875991821289,30.694005966186523,-88.1953353881836,-2.2755045890808105,1.1765965223312378,-99.0,0.0,992.0,992.0,992.0,992.0
381.3207702636719,14.620223045349121,-35.468936920166016,34.70583724975586,30.69401741027832,-88.19532775878906,-2.2222471237182617,0.722235918045044,-99.0,0.0,992.0,992.0,992.0,992.0
382.3212890625,10.489006042480469,-36.10928726196289,29.335119247436523,30.694026947021484,-88.19532012939453,-2.2222471237182617,1.172248125076294,-99.0,0.0,992.0,992.0,992.0,992.0
383.3219909667969,7.6360931396484375,-29.638259887695312,39.45845031738281,30.694032669067383,-88.1953125,-1.8915371894836426,0.9637764096260071,-99.0,0.0,992.0,992.0,992.0,992.0
384.322265625,4.905494689941406,-25.499114990234375,30.921125411987305,30.694042205810547,-88.19530487060547,-2.4865031242370605,1.0613951683044434,-99.0,0.0,992.0,992.0,992.0,992.0
385.3237609863281,2.6476242542266846,-30.321212768554688,28.30531883239746,30.694049835205078,-88.19530487060547,-1.7515403032302856,1.0094074010849,-99.0,0.0,992.0,992.0,992.0,992.0
386.3245849609375,5.403250694274902,-32.2129020690918,29.561767578125,30.69405746459961,-88.19529724121094,-2.2131171226501465,1.0077176094055176,-99.0,0.0,992.0,992.0,992.0,992.0
387.325927734375,6.564196586608887,-34.07532501220703,38.528804779052734,30.69406509399414,-88.1952896118164,-2.6858317852020264,1.1212204694747925,-99.0,0.0,992.0,992.0,992.0,992.0
388.3271179199219,6.1822614669799805,-34.97808837890625,35.47999954223633,30.694072723388672,-88.19528198242188,-2.4687509536743164,1.103825330734253,-99.0,0.0,992.0,992.0,992.0,992.0
389.32781982421875,6.47611141204834,-34.663787841796875,42.116153717041016,30.694080352783203,-88.19527435302734,-2.0396478176116943,0.9126965403556824,-99.0,0.0,992.0,992.0,992.0,992.0
390.3279724121094,6.397852897644043,-35.09340286254883,38.30500411987305,30.6940860748291,-88.19526672363281,-2.08884859085083,1.018835425376892,-99.0,0.0,992.0,992.0,992.0,992.0
391.3290710449219,5.0885844230651855,-36.00206756591797,27.25518798828125,30.694095611572266,-88.19526672363281,-2.2430429458618164,1.1498042345046997,-99.0,0.0,992.0,992.0,992.0,992.0
392.3298034667969,6.156383514404297,-35.63802719116211,19.308557510375977,30.69410514831543,-88.19525909423828,-2.6442418098449707,1.070284128189087,-99.0,0.0,992.0,992.0,992.0,992.0
393.33074951171875,6.646920680999756,-35.149044036865234,18.119592666625977,30.69411277770996,-88.19525909423828,-2.209566831588745,0.9229764342308044,-99.0,0.0,992.0,992.0,992.0,992.0
394.33135986328125,6.405195713043213,-35.16218566894531,12.157191276550293,30.694122314453125,-88.19525146484375,-2.8455963134765625,1.044768214225769,-99.0,0.0,992.0,992.0,992.0,992.0
395.3318176269531,6.651361465454102,-35.51636505126953,20.8314266204834,30.694129943847656,-88.19525146484375,-2.4515058994293213,0.9149090051651001,-99.0,0.0,992.0,992.0,992.0,992.0
396.33258056640625,6.077810287475586,-35.47346496582031,39.279300689697266,30.694135665893555,-88.19524383544922,-2.6685872077941895,0.8465757369995117,-99.0,0.0,992.0,992.0,992.0,992.0
397.3340759277344,6.547547817230225,-35.26417541503906,38.62602615356445,30.694141387939453,-88.19524383544922,-1.9914613962173462,0.7817014455795288,-99.0,0.0,992.0,992.0,992.0,992.0
398.3346252441406,7.001174449920654,-35.35518264770508,28.585979461669922,30.69414710998535,-88.19523620605469,-2.70054030418396,0.8592275381088257,-99.0,0.0,992.0,992.0,992.0,992.0
399.3360290527344,6.219804286956787,-21.97305679321289,51.80522155761719,30.69415283203125,-88.19522857666016,-2.422595262527466,0.7184369564056396,-99.0,0.0,992.0,992.0,992.0,992.0
400.3369445800781,3.0647077560424805,4.3592915534973145,44.626346588134766,30.694156646728516,-88.19522094726562,-2.739086866378784,0.857525110244751,-99.0,0.0,992.0,992.0,992.0,992.0
401.3377990722656,3.387500047683716,5.001286506652832,78.0854263305664,30.69415855407715,-88.19522094726562,-2.4504916667938232,0.6452897191047668,-99.0,0.0,992.0,992.0,992.0,992.0
402.3384704589844,3.8966634273529053,5.092700004577637,130.53375244140625,30.694156646728516,-88.1952133178711,-2.0609512329101562,0.23916935920715332,-99.0,0.0,992.0,992.0,992.0,992.0
403.339599609375,4.406033515930176,5.193322658538818,39.13974380493164,30.69415855407715,-88.1952133178711,-2.2998507022857666,0.2577095925807953,-99.0,0.0,992.0,992.0,992.0,992.0
404.3406066894531,4.354429244995117,5.244214057922363,-7.017827987670898,30.69416046142578,-88.1952133178711,-2.285141706466675,0.07828275114297867,-99.0,0.0,992.0,992.0,992.0,992.0
405.3419189453125,4.860964298248291,4.536622524261475,-61.56165313720703,30.69416046142578,-88.1952133178711,-2.8050215244293213,0.16317437589168549,-99.0,0.0,992.0,992.0,992.0,992.0
