5.000600814819336,0.0,0.0,0.0,0.0,0.0,0.0,0.0,-99.0,0.0,992.0,992.0,992.0,992.0
6.000647068023682,0.0,0.0,0.0,30.491683959960938,-88.21195220947266,0.0,0.0,-99.0,0.0,992.0,992.0,992.0,992.0
7.0009636878967285,0.0,0.0,0.0,30.491683959960938,-88.21195220947266,0.0,0.0,-99.0,0.0,992.0,992.0,992.0,992.0
8.001044273376465,0.0,0.0,0.0,30.491683959960938,-88.21195220947266,0.0,0.0,-99.0,0.0,992.0,992.0,992.0,992.0
9.001083374023438,0.0,0.0,0.0,30.491683959960938,-88.21195220947266,0.0,0.0,-99.0,0.0,992.0,992.0,992.0,992.0
10.003260612487793,0.0,0.0,0.0,30.491683959960938,-88.21195220947266,0.0,0.0,-99.0,0.0,992.0,992.0,992.0,992.0
11.00345230102539,0.0,0.0,0.0,30.491683959960938,-88.21195220947266,0.0,0.0,-99.0,0.0,992.0,992.0,992.0,992.0
12.003643989562988,0.0,0.0,0.0,30.491683959960938,-88.21195220947266,0.0,0.0,-99.0,0.0,992.0,992.0,992.0,992.0
13.003965377807617,0.0,0.0,0.0,30.491683959960938,-88.21195220947266,0.0,0.0,-99.0,0.0,992.0,992.0,992.0,992.0
14.004091262817383,4.683280944824219,-3.689000129699707,0.0,30.491683959960938,-88.21195220947266,0.0,0.0,-99.0,0.0,992.0,992.0,992.0,992.0
15.004119873046875,-4.967648029327393,-0.8951461911201477,0.0,30.491683959960938,-88.21195220947266,0.0,0.0,-99.0,0.0,992.0,992.0,992.0,992.0
16.004457473754883,-1.7850440740585327,3.8906145095825195,0.0,30.491683959960938,-88.21195220947266,0.0,0.0,-99.0,0.0,992.0,992.0,992.0,992.0
17.004825592041016,-2.6972649097442627,6.6516852378845215,0.0,30.491683959960938,-88.21195220947266,0.0,0.0,-99.0,0.0,992.0,992.0,992.0,992.0
18.00490951538086,-2.613590717315674,8.045656204223633,0.0,30.491683959960938,-88.21195220947266,0.0,0.0,-99.0,0.0,992.0,992.0,992.0,992.0
19.00505828857422,-2.665745258331299,9.658143997192383,0.0,30.491683959960938,-88.21195220947266,0.0,0.0,-99.0,0.0,992.0,992.0,992.0,992.0
20.00509262084961,-2.7587831020355225,10.356184005737305,0.0,30.491683959960938,-88.21195220947266,0.0,0.0,-99.0,0.0,992.0,992.0,992.0,992.0
21.005096435546875,-2.6659581661224365,11.822967529296875,0.0,30.491683959960938,-88.21195220947266,0.0,0.0,-99.0,0.0,992.0,992.0,992.0,992.0
22.0065860748291,-2.795119524002075,12.870482444763184,0.0,30.491683959960938,-88.21195220947266,0.0,0.0,-99.0,0.0,992.0,992.0,992.0,992.0
23.006879806518555,-2.6021459102630615,13.386238098144531,0.0,30.491683959960938,-88.21195220947266,0.0,0.0,-99.0,0.0,992.0,992.0,992.0,992.0
24.007125854492188,-2.669127941131592,13.629621505737305,0.0,30.491683959960938,-88.21195220947266,0.0,0.0,-99.0,0.0,992.0,992.0,992.0,992.0
25.007429122924805,4.249942302703857,13.32826042175293,0.0,30.491683959960938,-88.21195220947266,0.0,0.0,-99.0,0.0,992.0,992.0,992.0,992.0
26.00757598876953,7.421853542327881,12.194650650024414,0.0,30.491683959960938,-88.21195220947266,0.0,0.0,-99.0,0.0,992.0,992.0,992.0,992.0
27.007844924926758,16.955772399902344,10.519697189331055,0.0,30.491683959960938,-88.21195220947266,0.0,0.0,-99.0,0.0,992.0,992.0,992.0,992.0
28.007923126220703,16.050771713256836,8.634114265441895,0.0,30.491683959960938,-88.21195220947266,0.0,0.0,-99.0,0.0,992.0,992.0,992.0,992.0
29.007949829101562,16.96881103515625,11.61424732208252,0.0,30.491683959960938,-88.21195220947266,0.0,0.0,-99.0,0.0,992.0,992.0,992.0,992.0
30.007993698120117,1.2716647386550903,10.396319389343262,0.0,30.491683959960938,-88.21195220947266,0.0,0.0,-99.0,0.0,992.0,992.0,992.0,992.0
31.008085250854492,-22.235427856445312,8.74871826171875,0.0,30.491683959960938,-88.21195220947266,0.0,0.0,-99.0,0.0,992.0,992.0,992.0,992.0
32.00827407836914,-11.931046485900879,13.588160514831543,0.0,30.491683959960938,-88.21195220947266,0.0,0.0,-99.0,0.0,992.0,992.0,992.0,992.0
33.008426666259766,-16.954240798950195,10.861109733581543,0.0,30.491683959960938,-88.21195220947266,0.0,0.0,-99.0,0.0,992.0,992.0,992.0,992.0
34.00879669189453,-19.040029525756836,12.680998802185059,0.0,30.491683959960938,-88.21195220947266,0.0,0.0,-99.0,0.0,992.0,992.0,992.0,992.0
35.008949279785156,-16.634063720703125,11.501940727233887,0.0,30.491683959960938,-88.21195220947266,0.0,0.0,-99.0,0.0,992.0,992.0,992.0,992.0
36.00898742675781,35.05740737915039,2.548550605773926,0.0,30.491683959960938,-88.21195220947266,0.0,0.0,-99.0,0.0,992.0,992.0,992.0,992.0
37.00921630859375,17.47043800354004,10.203324317932129,0.0,30.491683959960938,-88.21195220947266,0.0,0.0,-99.0,0.0,992.0,992.0,992.0,992.0
38.009429931640625,11.289507865905762,3.172098159790039,0.0,30.491683959960938,-88.21195220947266,0.0,0.0,-99.0,0.0,992.0,992.0,992.0,992.0
39.009559631347656,29.637012481689453,1.455804705619812,0.0,30.491683959960938,-88.21195220947266,0.0,0.0,-99.0,0.0,992.0,992.0,992.0,992.0
40.00965118408203,34.498008728027344,7.451479434967041,0.0,30.491683959960938,-88.21195220947266,0.0,0.0,-99.0,0.0,992.0,992.0,992.0,992.0
41.00999450683594,15.750018119812012,-1.7055846452713013,0.0,30.491683959960938,-88.21195220947266,0.0,0.0,-99.0,0.0,992.0,992.0,992.0,992.0
42.010189056396484,-40.45817947387695,5.190850734710693,0.0,30.491683959960938,-88.21195220947266,0.0,0.0,-99.0,0.0,992.0,992.0,992.0,992.0
43.01020812988281,-57.157447814941406,8.357938766479492,0.0,30.491683959960938,-88.21195220947266,0.0,0.0,-99.0,0.0,992.0,992.0,992.0,992.0
44.010433197021484,-47.97467803955078,-8.477287292480469,0.0,30.491683959960938,-88.21195220947266,0.0,0.0,-99.0,0.0,992.0,992.0,992.0,992.0
45.0105094909668,-49.612327575683594,21.02743911743164,0.0,30.491683959960938,-88.21195220947266,0.0,0.0,-99.0,0.0,992.0,992.0,992.0,992.0
46.010868072509766,-44.478187561035156,9.350469589233398,0.0,30.491683959960938,-88.21195220947266,0.0,0.0,-99.0,0.0,992.0,992.0,992.0,992.0
47.01097869873047,-88.2807846069336,-8.710882186889648,0.0,30.491683959960938,-88.21195220947266,0.0,0.0,-99.0,0.0,992.0,992.0,992.0,992.0
48.011104583740234,29.641754150390625,-18.95480728149414,0.0,30.491683959960938,-88.21195220947266,0.0,0.0,-99.0,0.0,992.0,992.0,992.0,992.0
49.011417388916016,-6.944645404815674,27.34720802307129,0.0,30.491683959960938,-88.21195220947266,0.0,0.0,-99.0,0.0,992.0,992.0,992.0,992.0
50.01156234741211,-63.1580810546875,35.29591369628906,0.0,30.491683959960938,-88.21195220947266,0.0,0.0,-99.0,0.0,992.0,992.0,992.0,992.0
51.01171112060547,-13.906423568725586,-16.5793514251709,0.0,30.491683959960938,-88.21195220947266,0.0,0.0,-99.0,0.0,992.0,992.0,992.0,992.0
52.01171875,52.82051467895508,-31.73971939086914,0.0,30.491683959960938,-88.21195220947266,0.0,0.0,-99.0,0.0,992.0,992.0,992.0,992.0
53.01179885864258,116.53150939941406,-32.45881652832031,0.0,30.491683959960938,-88.21195220947266,0.0,0.0,-99.0,0.0,992.0,992.0,992.0,992.0
54.0119743347168,32.63838195800781,-65.41059875488281,0.0,30.491683959960938,-88.21195220947266,0.0,0.0,-99.0,0.0,992.0,992.0,992.0,992.0
55.01198959350586,-53.1758918762207,-41.97836685180664,0.0,30.491683959960938,-88.21195220947266,0.0,0.0,-99.0,0.0,992.0,992.0,992.0,992.0
56.01235580444336,44.501163482666016,58.463043212890625,0.0,30.491683959960938,-88.21195220947266,0.0,0.0,-99.0,0.0,992.0,992.0,992.0,992.0
57.01247024536133,44.501163482666016,58.463043212890625,0.0,30.491683959960938,-88.21195220947266,0.0,0.0,-99.0,0.0,992.0,992.0,992.0,992.0
58.012596130371094,44.501163482666016,58.463043212890625,0.0,30.491683959960938,-88.21195220947266,0.0,0.0,-99.0,0.0,992.0,992.0,992.0,992.0
